id,price_prediction
23285,9947884.903857555
23850,15738198.904204823
24470,19975111.879939236
24563,9314608.304949207
24564,10777020.74221869
24565,13015907.69217578
26585,21901964.34342611
26586,13485712.728685174
26649,9373065.960758107
26653,9690387.317825718
31263,26829120.366838776
31958,13117020.582905063
23286,7197894.012786192
25865,7207259.136603193
32370,12045649.390476413
23287,7009313.857247426
23360,5628233.907586026
23364,6123757.6793037625
23367,6054147.361842873
23377,6454041.8763052905
23382,6666285.098753797
23385,6640096.418284347
23386,6972576.344236973
23387,5755137.926250274
23402,8297314.643811875
23408,9091950.520656697
23409,9253242.459516391
23410,8963638.16522065
23414,9963399.181721503
23417,10123134.050109446
23424,9949953.979059411
23428,9923360.025140047
23434,11077476.263923867
23437,10864016.080303095
23440,10742660.907808868
23448,11263421.783800695
25543,6239544.109018312
25797,4843459.2290345
25819,4362503.237788461
25821,4741572.77596526
25825,4865558.197975375
25849,6884990.164880374
25871,8745031.295101834
25872,8735743.240079857
25898,10491727.593635425
27865,5310403.07094559
27866,5192856.372531992
27874,11462572.356326064
28063,6998654.386047167
28066,9156149.760063857
28845,10802960.229474302
28846,4677524.710694663
29038,8714808.881608916
29104,4398187.541260239
29111,10934222.466499137
29543,5705116.655298943
29549,6706546.966371866
29553,9388004.424284177
29877,8991228.374683773
30273,11072867.876059884
30309,7126029.94115855
30582,8614028.074672524
30607,8461911.329709454
30953,4826880.787014975
31232,4700898.547702673
31235,6907030.368625783
31568,6712654.986932742
31876,4867550.862789168
31878,5310403.07094559
31908,9126720.406286713
31913,9683460.021886919
32824,8712887.627653837
33152,7014508.978711831
33173,6015216.350298466
33177,8113673.112822971
33180,9683460.021886919
23288,11116056.950560149
23442,8202800.096549745
23289,5661639.765239644
23290,5290489.043210777
23291,8822549.540620925
23323,10764489.244372748
23330,6364858.059511615
23335,4467879.100705434
23365,5842287.995066786
23366,6228861.686663686
23370,6487921.654241653
23371,6098271.03820778
23373,6472141.640192215
23376,6349015.905522824
23394,7960351.8458613055
23399,7381359.239560671
23421,9601519.558246046
23439,10108428.961663255
23444,9473903.094363496
25513,5868687.982805927
25527,5822108.231232856
25791,5855990.604799904
25801,5890425.5839111
25804,7537407.163030073
25815,6155222.92527735
25817,4322050.351259954
25837,6172731.531403532
25841,6485627.559987539
25862,7730137.9234777605
25863,8170479.38967654
25868,7763220.59227341
25884,9358835.533020848
25886,9286402.975081252
25897,9896719.694608271
25911,10557216.046926513
27867,6174673.038702871
27868,6635297.528075792
27870,8800470.451609112
27873,8937306.1344932
28064,8068584.020837682
28377,7433809.971168418
28853,7483494.597875345
29035,6164142.749014861
29542,6990409.769965248
29544,6258648.77288642
30265,7433809.971168418
31238,7966012.927204004
31872,5671367.770566384
31891,6226564.659337792
31905,7624962.805138252
32803,5848455.739518532
33174,6269575.912041554
23292,11559228.11372099
23293,7516143.68511928
23296,6892770.257150582
23294,5398146.529748059
23362,5476733.600595776
24450,5348933.362017941
25823,5145121.28088566
29105,4679705.266197465
30240,5321039.077480154
30975,8212925.645849722
31590,4993135.809583369
31848,7133212.275937049
31859,8326929.868613306
31873,7569156.590064273
31887,5212985.750587396
32808,5450866.244051559
23295,6984815.0621522395
29098,7314716.569225092
23297,6917206.356413016
29540,7597450.854593542
23298,9816863.866260676
25794,8174523.64667914
28491,13659803.101857372
28851,8763122.238032348
29554,9900876.4624357
32792,12566889.97288062
23299,6645505.213438189
29037,7225403.631393255
23300,6879691.237555069
23324,9967610.556961335
27871,6994223.455230227
23301,10257133.23692421
29097,10582653.16103189
31889,6731428.404058149
23302,4473478.763563022
23305,6735057.990971786
23310,8447583.243535386
23315,8019364.448132917
23317,10140311.000579193
23321,9687834.35193727
23334,5666189.917065598
23336,5713747.565266783
23337,6209212.997064071
23338,5871016.295794405
23350,6278366.629391679
23351,7233065.087760831
23353,7002497.210329474
23355,6768470.991504546
23356,7159815.99530833
23358,8062724.631729304
23361,7683833.854822001
23363,6551539.4271604065
23368,8257685.114484078
23374,8637058.522622045
23389,8057879.225680341
23401,7914186.766251376
23423,9759078.008798674
25798,5651955.106607681
25799,5453091.747737886
25803,8082536.037166048
25805,9387336.586925868
25816,5112610.706561557
25818,5347435.40670767
25820,6080571.82161579
25830,7623336.415723041
25834,6192871.749078165
25835,9046599.746154869
25848,7914186.766251376
25867,7969332.346274292
25875,10267120.88537545
25882,9754276.011071147
25902,9988073.20266777
25916,9838369.563206319
23303,4527752.27320745
23396,5100289.988245013
25822,4619998.015104335
30259,6034334.3575973725
30260,6452990.806553693
30576,9942576.592565289
31884,4786237.298718295
33175,4627104.0219177175
23304,12563042.710538283
28201,11901832.818727693
23306,5955706.285731347
28079,9087886.914276589
28202,7458804.12211207
28489,7466923.302073649
23307,7856342.147263509
23400,8053024.814928643
26696,8546929.302698104
31847,7967401.590790838
32786,11474838.695456255
23308,11462310.576192543
23375,11390026.732319057
23309,6849775.400259474
23318,9339214.634428902
30948,14049545.512936924
31899,7591373.1848545205
23311,4867725.509255972
23403,5378932.44777989
23312,8313165.787075998
23313,8540354.53364086
25859,9412742.549000023
30957,7476611.537861928
23314,6281799.604340635
23316,6769230.737921607
23319,10697507.613295546
23320,9387353.590615753
23322,10365465.901079657
23325,12341911.403567402
27629,13230947.658333153
30894,12889647.810436461
23326,20132180.44393643
25811,17436098.59235815
28060,19326648.906445388
32791,24867759.878888816
23327,19393531.64383262
23328,16601319.819029432
30031,10201473.635842474
30563,6713161.124319239
32837,12840177.84741125
23329,15412188.056354556
23331,12919801.585033478
30566,11189110.059042487
23332,13105766.559302356
23333,5293799.014862798
25828,6640361.23116014
30952,6069832.142350421
31875,4964736.339472314
31897,7964440.192630455
23339,4366951.649865773
23340,3749819.532167553
23342,5150672.241656285
23343,5713637.370456348
23345,5242221.743293687
23347,5271648.470404296
23369,5414263.278544092
23398,6961836.630352957
23445,8799297.449261062
25594,5419648.446973306
25832,5732077.1917810505
25843,5468609.08131667
25861,6740922.067849535
25864,6803603.022287333
25866,6880889.84986231
25870,6688631.292547944
25874,6949736.176251334
25876,6775923.452362449
28061,5419648.446973306
28378,7016304.074427231
28380,8850586.700940866
28487,5333680.646220785
28842,8965330.274310851
28849,6040107.205228771
29541,8854038.998602835
29545,5349172.992127633
30251,6712312.437907805
30267,6851453.680141196
30687,5301023.43378409
30954,5690403.51624154
31230,7009273.125144052
31882,5725551.823463299
31893,5640123.107272227
32799,5442213.04476576
32800,5709584.817805845
33155,5055154.359359443
33167,5444155.593172682
23341,5115616.70675418
29349,6139594.822477492
30567,6157346.251384351
30624,8871367.68081433
23344,8274878.917654588
23346,4714573.3850749675
28205,8303149.163328597
31228,4702902.483731776
23348,4918911.405444811
23381,6885789.881367655
23391,7593996.458934301
23407,8942034.791576238
23432,11616986.778588407
25847,6771832.309764563
25851,6448461.284326256
25858,6680553.92965431
25877,8956029.673317688
25885,10180318.266368367
25890,10482843.442356514
25905,12113192.287621347
27862,5123617.79403921
28488,5294784.572169184
28857,9021215.3565001
29112,11912612.871966647
29113,10649595.638563834
29547,5133105.0844592005
29550,6602164.334983194
31237,6731913.941982758
23349,5695269.5781037565
25829,5922408.457709328
26880,7664794.718323687
29546,5827903.461315114
29548,5204306.732574306
30312,5758795.371074939
31279,5922408.457709328
23352,5542952.453545181
25793,4890599.801105513
31858,4838901.892797027
23354,6633962.395861206
23379,6462398.333367105
23388,8129243.389981684
23390,7910696.898129287
23393,7599612.334550895
23411,8639180.462226562
23412,9440143.840236425
23420,10630931.444712944
23429,10357614.170400878
23431,10551402.484216962
23435,11486974.330433352
25827,5387648.796041714
25831,6495224.394658853
25840,6498462.632821678
25844,6798994.779892832
25855,8105057.740660486
25856,7835679.50304827
25869,8476212.582488203
25888,10612542.89255812
25892,12424479.164818238
25899,13617778.95201155
23357,53051474.69253765
31300,24090136.745478164
31301,24090136.745478164
23359,5542513.013677132
23430,9233754.86375003
23450,11544663.902627192
25853,6795596.606095454
25880,8351516.31295796
25881,8330169.364623723
23372,8595166.602138635
23378,6495306.90173934
23404,8259142.453591122
23406,8382587.978150651
23433,11659808.244642803
25807,11862889.14028217
25826,5127626.31890318
25846,6643834.9760780465
25850,6803215.245732503
25860,7156986.014732713
25893,10357715.726638494
28373,6416506.0367197115
29036,5930676.065862682
29108,7242501.8047641525
29109,8349327.107614116
29114,11633642.201698998
30568,6423947.291882145
30946,6467037.4939452885
30961,8488083.129715709
30963,10199669.525157593
31239,7304936.951697081
31241,10478683.557103787
31880,4913579.6257817745
32827,8235407.326928263
33168,5011294.730561527
33181,8454813.647295052
23380,5442848.605489625
23383,7207831.7320044
23415,9742326.306346342
23418,9689120.54251548
25878,10244628.069254765
25887,9864387.047508417
25891,11817060.616479294
25900,12740566.97577983
27875,13157106.892543918
29039,10149025.37180412
31243,10907022.720287098
23384,8351419.506737186
23392,5721717.43684593
23397,5637564.201963486
23462,8447902.640532663
23467,9446850.054259242
25857,5637564.201963486
28381,8549415.052479422
28843,7803752.8543568505
29095,7145655.954410545
29555,5942457.138028599
30558,8106857.799932608
30958,4672626.53546875
31227,7331839.875823239
32360,5785569.130711445
32362,5700476.7850373965
32364,5700476.7850373965
23395,6512136.829639631
23405,6674685.135987573
23419,8554268.872795863
23426,8726695.64792714
23436,10425956.004841547
25879,6991587.988001606
28490,6664464.426388683
23413,9249315.845002387
25910,11775825.400904577
23416,38447573.68926719
24609,38441679.89426647
24634,47207418.88173583
26673,38646409.79062525
26693,80220593.92812929
27764,44271178.287484504
29077,30660685.07709904
29423,95182876.39748651
30358,42032862.70798712
31388,93703973.12198383
31946,44609735.94076379
32044,44919861.58148955
23422,8875515.933547094
25918,11754574.243694045
30261,5448679.416154749
23425,9754298.24715094
23459,9103848.973382922
25839,5311386.616337676
25920,10005575.290061863
31922,7892948.476886383
32368,7256080.934683015
32371,7118195.3499621395
23427,11316908.87659903
25824,7704700.515320753
23438,9024978.346766358
23441,10360485.735499226
23451,11218423.267543593
23452,11383590.314190365
23453,11057014.288240166
23456,10420649.918817282
25883,8183442.319436241
25894,7986495.640671102
25896,8675014.361085452
25904,8611292.427884009
25906,10486709.46486779
25908,10515567.108768048
28059,12106440.616174676
28175,8764050.711083211
28177,11804024.695059637
28197,11281231.379507983
28837,6651788.690549108
28841,11281231.379507983
29034,12106440.616174676
30255,5549142.027342403
30256,5842324.625817232
30258,5888991.9249744965
30270,7894985.051605054
30271,7705772.522540699
30565,5433853.110434181
30575,7575129.838555973
30922,7171267.328322155
30962,7547391.964835162
31236,5814446.850637661
31869,12106440.616174676
23443,8792009.887825124
23447,9094273.635781145
29102,9006760.009252338
29558,8964773.46793583
23446,9913181.218464198
23460,11211885.024874164
23463,10566914.764138147
25913,10570378.967504356
27877,11314601.752589813
28176,9933813.62267622
29040,11211885.024874164
30571,7485285.02324988
23449,13481706.620060077
23454,10798825.510294797
28003,8070678.080577854
28847,5626458.762397902
29332,11012514.40049265
30945,5180632.07188122
31257,7944931.271541932
31900,8381346.293048693
31901,7944931.271541932
31914,8381346.293048693
31917,8747388.517910905
31918,7944931.271541932
32361,7944931.271541932
32366,7944931.271541932
32789,5603628.808974532
32825,8129923.08146645
23455,11691253.109299412
25915,13568725.69785562
25919,13999692.604226148
30263,9530900.139024172
31862,6948331.744579326
31923,10004665.798542786
23457,9316338.483043235
27161,9806487.599454891
23458,7784674.57816446
25854,5146220.183437711
28080,7896718.517425852
30248,5759315.671417711
30564,9130294.57437173
30960,6281891.857620592
31849,4942072.378831059
32782,5091589.560550112
23461,14873610.360568162
25909,13307468.378925137
30569,8979302.258045098
31846,7455632.605233822
23464,11252008.145875547
23465,12216908.631702093
23466,11661648.032478614
23468,12066251.171516428
25895,8501756.04194142
25914,10948271.850109393
28178,11906380.473344412
29103,11995680.431236813
30262,6987267.178282821
30974,8501756.04194142
33157,5725694.465924773
33166,5783538.411137534
23469,27634371.770847667
23471,25852609.884333897
23476,8427741.83740603
23516,14314653.64256256
23519,17246807.135651544
23554,9046938.418379743
23556,9792497.031200124
23586,13894117.372784838
23603,14495515.246756896
23615,20006899.314458776
23621,19461568.319507483
23622,30209663.804803967
23627,21263276.66153963
23628,27634371.770847667
23630,34519644.39451672
25925,14257930.518498553
25927,19158914.169867586
25961,9428444.279155392
25970,13161090.676329087
26011,9093688.289819334
26033,14053983.459046526
26037,13933083.844723202
26045,19195069.661283094
26056,26342115.65473663
26717,20838755.003363386
27102,9216313.341037864
27105,14567641.970988369
27641,24828484.167491615
27859,13515348.456462981
28036,9148999.396134568
28394,34519644.39451672
28603,13769397.924302552
29062,14190769.197281064
29065,13577558.615175392
29078,21415931.393095642
29421,14495515.246756896
29504,28469775.693510838
29505,14477494.662998792
29821,19993622.769954674
29863,8820658.712568061
29886,14341932.969773347
29900,9161912.012922319
30288,27244541.070939966
30587,19765999.295186456
30598,14257930.518498553
30602,25064463.325322844
30635,14340572.223879592
30645,14048369.435807547
30658,18959640.412704047
31019,9080871.826191613
31037,30796941.647100348
31326,12248268.933516474
31350,12289712.53903111
31944,14483617.0878023
31989,9166149.478799352
31994,25451988.29566485
32015,9183138.923299061
32398,14360311.132376187
32399,22115344.478293195
32425,13082676.736872101
32840,9847825.187850822
32874,14135325.920137359
32884,8567628.948243544
32885,9677782.07450222
32887,14386910.025814617
32888,28240823.01931353
32903,14048369.435807547
33217,20657405.77286019
23470,18323233.774460122
23473,12798137.441000286
23536,6771952.505871083
23545,6910598.159628134
23559,9563451.578085883
23561,9612944.764625823
23562,10131356.829336587
23563,10131356.829336587
23569,10349383.348693023
23570,10360977.349758675
23594,12172532.781538548
23596,12288192.840799684
23600,12270013.415864935
25921,17491142.320628304
25953,8236969.762827507
26001,6910598.159628134
26019,9563451.578085883
26078,8168764.764985408
26716,13262908.228402775
27858,12080413.5908901
27887,8515466.42083998
28229,12307567.73583569
28561,10542267.086873375
29067,10349383.348693023
29819,7921242.397799127
29850,21673021.79835456
29853,17002493.183373366
29884,8755575.768477758
29885,10501112.562981557
29888,22058753.51252518
29901,12459778.33384812
29902,9848966.603916401
29903,9947017.645005614
29904,10661837.545829363
29905,12866169.998637395
29906,12885832.937489517
29908,15839526.0983487
29909,12677692.813026607
29910,16924442.87143746
29926,8429501.618433604
30324,8480597.7130829
30326,8939441.738212485
30327,12132613.232265716
30329,17045965.280021444
30332,21881980.01150112
30633,14500082.021614818
30637,21339967.121800892
30644,13014383.206709605
30650,11791328.617789164
30651,13178791.182693383
30652,10661837.545829363
31024,7202962.402953379
31025,8480597.7130829
31028,13668307.796666121
31338,8403694.66072864
31345,11418328.392827004
31346,11157689.317224357
31347,11157689.317224357
31348,10726528.855748886
31349,11309004.80823918
31351,14412218.47500127
31352,15006608.380758397
31354,15182260.66273335
31360,20355280.524944797
31990,11369899.699051425
32004,8403694.66072864
32006,8513721.123923417
32010,14412218.47500127
32011,10726528.855748886
32013,10726528.855748886
32014,11370581.139404535
32016,10726528.855748886
32017,14412218.47500127
32018,14412218.47500127
32022,19478250.80761764
32397,10478161.416934315
32409,6910598.159628134
32414,8899054.504249701
32418,9509951.837859035
32419,13178791.182693383
32420,12026272.399196774
32421,13429854.522285316
32422,12294203.867290912
32423,12695015.961844826
32424,12971066.101180239
32428,16392319.54430088
32429,15839526.0983487
32430,15787036.645659039
32895,8429501.618433604
32896,13178791.182693383
23472,39474398.9016489
23491,40922213.83999927
23496,35101734.04793911
23498,49949781.8458228
23521,34527375.109303914
23522,35935224.06380792
23631,81902124.7788196
23633,14741074.468230128
23639,44786915.605136946
23647,51866122.77475723
23649,72789931.04691082
25932,82366543.38098858
25940,58924091.11701964
25945,36839775.4201667
25946,37480797.02594184
25978,34527375.109303914
25979,36533919.12922949
25986,60082385.06643641
26055,40998276.02729061
27855,76215310.89420597
29523,54177095.77792731
29524,58077918.70842008
29857,39363541.73902063
30294,103750989.4945227
30659,50541507.03571882
31015,128771952.47652757
31319,55815303.15599015
31332,40033336.69246842
31985,29444731.17425482
32402,23231961.193555687
32833,43036899.80410936
32889,40370789.66648473
23474,15954641.190113744
23478,15012598.503147827
23479,13482789.315392118
23507,14277405.022733202
23565,11571183.662308693
23571,13496513.25665629
23572,10928271.63004903
23573,12208541.214522706
23575,12208541.214522706
23583,14585593.393381793
23584,14933636.2567126
23585,16114495.386953942
23589,15596412.897973608
23590,14293050.80940725
23591,17272532.440652374
23592,15853929.91893377
23595,16278780.961251637
23599,15319961.20359061
23601,15087367.18770409
23602,18228670.010393064
23605,15515343.769694915
23606,15552027.90194774
23607,15515343.769694915
23612,15042471.424868863
23613,11625422.4036516
23614,14065949.28602373
23620,18303319.430744767
23624,26226367.321049664
24924,15472786.721732276
25922,16080247.886232205
25962,14277405.022733202
25964,14056203.419289634
25969,21044777.417635057
25980,34029451.464547135
25985,36579489.247523025
26018,11477307.353820488
26021,10785008.591195716
26023,12631343.799115218
26024,17116035.04162652
26025,15010116.271797888
26026,15036281.695303392
26031,14496946.32223741
26035,14192010.801398732
26036,13844263.25784036
26038,15552027.90194774
26043,15755538.921629662
26048,19756734.42570043
26050,13244331.726212021
26059,26226367.321049664
26060,22662671.52795955
27103,10286649.285325784
27860,15890174.262861624
28037,10807301.796640227
28590,10627063.471554587
28602,15596412.897973608
29066,14918402.126102608
30295,15582844.621751258
30328,16010624.671171667
30608,15420180.76085391
30611,15135118.806493096
30613,28446312.864198927
30627,12028583.036469495
31005,19389186.991258048
31007,22559711.761145234
31984,13898937.814068386
32028,18472146.124306146
32427,18307328.796035763
32890,15196252.290819028
33198,14687467.32764706
23475,25810345.767635997
23617,25339007.50169348
25943,32024791.798466098
28390,27666853.940094944
29838,21435359.2689859
29839,37755766.17640598
30638,39314688.93389665
23477,9137624.30604329
23480,13125951.017974412
23490,9535302.92728811
23505,6745800.814687468
23532,9579066.744483989
23550,9251412.68321247
23553,9338536.23037068
23567,10596008.007929616
23574,11595269.277595712
23576,11491005.827559197
23577,12022223.13099485
23578,12981621.425885651
23579,12215405.21836197
23580,13283973.61015982
23582,11129213.129011681
23604,13264813.740204282
25938,20733814.994662836
25950,6028077.3236842835
25959,10397414.451096358
25966,11381387.25336143
25971,11381387.25336143
25993,6800257.739033299
26010,9079055.937299374
26016,9289377.626173383
26028,12358228.38542659
26030,13157066.28427185
23481,19809161.999741632
23483,19219620.516654238
23486,16936316.027556088
23487,17172467.421699524
23488,25747651.98878538
23492,25674585.480801746
23493,25674585.480801746
23494,17127708.998442765
23511,10557847.079616947
23524,18915181.30756266
23581,13985966.517168242
23598,15524052.032897796
23704,10771708.166828137
25928,14852179.583927505
25929,14852179.583927505
25934,14058354.785109479
25935,17172467.421699524
25939,25275705.019058477
25975,19021658.9706294
25976,18765699.55109565
26032,16239697.11404337
26044,11875429.48706615
26066,13624127.95627537
27901,22601385.878341585
28228,11363085.65184239
29063,19837114.678296972
29822,23054637.25651856
29835,16308731.791758467
29836,18584813.95414795
29887,21773822.372531023
29917,20486932.80149303
29919,29713330.53323545
30319,17905755.533452403
30320,22641031.389218036
30333,20393088.81993342
30334,29720230.465698354
30630,18363450.655887313
30657,12687944.366247358
31008,14814703.445878122
31030,11733699.886579737
31353,11867887.186244639
31361,15236119.933533587
31363,18267134.29037473
31992,18115554.452981256
32019,15040823.541016053
32400,22641031.389218036
32426,11602058.171113973
32435,19049047.6378611
23482,13140594.270284703
23485,12921759.730602086
23489,10334496.79653757
23499,6611390.293985479
23520,32636519.04477001
23531,13130057.504039656
23539,10162764.0082813
25948,7146267.256533102
25949,11751150.727937719
25955,14953306.975903064
25990,10444016.11811849
23484,66329615.09935649
25937,67768929.18953957
26051,57571700.505711034
29922,28907990.80180936
31021,15204594.758645326
23495,40072173.16622061
25923,33058377.849740885
26058,37466740.95271551
31022,123872677.50717297
23497,16013741.101414472
23500,6814190.8276738245
23671,8249926.470654571
23674,8249926.470654571
25960,11085950.007429924
23501,10577907.247896682
23502,12980324.199508652
23699,13465123.945625143
28613,9557073.01982447
31997,14198627.408359494
23503,9867437.366314426
23504,9545893.232165623
23543,7775884.642974532
23549,12631236.656827843
23555,10209418.56059196
25954,9930945.839111263
25956,9545893.232165623
26004,9370336.472763713
26012,11812160.62945242
26015,10125468.834667195
27137,9105909.594888492
28864,11706051.538125383
28870,8343883.3951736195
29818,9056684.71152648
29883,8004411.638491543
30318,12200431.456566932
31324,9421585.823294133
31339,10778140.799760563
31343,11537428.736753466
31986,9578597.070987757
31987,10679734.39637871
31988,9421585.823294133
31998,9445222.57297455
32000,8808697.107124692
32007,10778140.799760563
32405,8491404.846348103
32408,8320894.13304189
32410,8203878.981298637
32412,9784586.748595888
32413,9131049.08921555
23506,16147011.991214927
23697,11868236.819666822
30631,14459736.020259516
31983,17761735.66972414
32415,15146211.900577964
23508,13475416.868967697
23608,13482242.644890679
26022,12923913.004702399
29912,14344728.013425168
31357,16710662.503810195
32021,16272843.809240565
32434,18207278.697344646
23509,23078277.695534088
23510,17489775.38314522
25965,16419288.408356667
23512,19140053.280902922
23593,10907976.779426435
23609,14392165.707460992
23623,30423174.805753797
23632,16808046.578778464
25926,17152229.9430123
25931,13984706.540176157
25933,16221731.62262321
25944,25187857.66613195
29864,16578352.670198485
29914,20718229.473770287
31020,15729911.973175982
31331,21789522.09089824
31359,16092387.516768172
32023,26129903.1649562
32024,21222657.36348763
32897,19318134.842158765
23513,12211211.230157055
23597,16276236.857570913
29506,12464911.663652703
29519,16183717.291819552
29825,7078185.707992019
29841,7244777.956139489
29881,7195889.726078669
30325,10973911.767394066
30655,15254880.277019285
31032,16191841.385010004
32395,6845894.434263029
32900,16276236.857570913
23514,8551336.365164109
23518,11967345.3984713
23515,27550622.15054895
23528,27978309.07637691
23625,39673057.28829466
27888,12158971.722711869
28181,11260715.884976402
28867,22383720.387257498
28869,46819056.385757126
30322,50053004.02716063
32025,55387060.306340314
23517,12823425.354105935
31329,20874270.25828118
23523,20278045.9806845
28593,29914464.420882426
31330,30283696.282239087
23525,18721472.624543898
23533,30139065.19899959
30321,28586957.779453117
23526,38721964.62633022
23626,24201532.441844966
23650,37121386.76209267
29823,73248278.37239377
23527,69402858.71208873
23529,10349311.462708177
23534,6122894.5052684685
23535,6627788.497499012
23537,9070541.393398793
23540,9417729.134016842
23541,9539437.11468759
23542,12653573.133091519
23544,11429774.740355298
23546,12937545.04050675
25982,6382588.623787489
25987,10385456.879284013
25988,10502283.477159893
25989,10478018.509196064
25991,9982859.395350559
25995,11444624.581507158
25996,11994660.536076978
25997,12497451.928514613
26000,13467706.91608539
27107,6712462.618192152
28038,6449777.095789713
28216,6742538.951021658
28576,9684818.658942783
28577,10480704.427159896
28578,9041347.864494884
28597,11426070.179062525
28610,8297821.551647425
28855,6122894.5052684685
29510,6752328.971122048
29514,13209702.186004667
29824,10619892.946189033
29826,10302184.90698294
29827,9636011.405611904
29829,12398848.221159497
29830,11961841.075167269
29882,10041328.415752223
29893,6122894.5052684685
29894,6627788.497499012
29895,6818696.46838106
30323,9061636.914509853
30640,6852667.923893149
30641,9788489.216897095
30646,9195184.887887927
23530,7835212.405183229
23700,7936467.201785733
23538,7379866.898994906
29831,11891581.69367419
23547,11752371.932903513
23684,8270800.614990862
28872,8096152.816876258
23548,11413265.927681398
26034,13749544.582582492
28114,27496169.41484342
28596,18557053.14313532
30653,11361243.033536993
31016,31922119.626611706
23551,14074145.15053601
23552,11207559.337259928
30648,11023399.081906477
23557,15334263.124893598
23558,12315925.66788666
23588,16937263.38668519
25930,11981296.821386322
27882,16620682.751298675
28567,31037672.826786224
28604,17291020.90675623
29508,11796880.976334874
29516,9202560.562448429
29817,14434208.274587054
29880,15722532.389717946
30336,15847614.745313667
31321,12523895.597125243
31344,14949911.301284678
23560,13362219.780068584
23564,14621107.28298824
28871,14598288.499103203
29879,18885285.154344734
31038,10187100.361101355
32894,8862654.481279613
23566,14047689.56606983
23618,16226932.858640071
23637,19523073.62086039
28600,13375052.953189023
32003,12863084.540938748
23568,13184700.664244765
23587,18506262.82078881
23728,14974756.486556038
29778,16377820.251654638
30340,17786254.81303911
23610,14987365.638475882
26042,14559866.393358534
30330,17424756.56322545
30331,15239576.972235486
31035,18125604.341931023
31036,17871052.950814784
31356,14567419.704419602
31358,14207261.11831945
32432,15059557.747837152
32433,17363240.214830924
23611,14892750.669745712
26027,10989016.040993113
26041,15466861.050628144
27861,15555181.340066291
30317,12756226.508705737
31322,13589440.16939672
32899,13041875.98335864
23616,27239357.65190004
23619,24411392.03638929
23646,15540250.5164839
23648,32095269.148438506
25941,38420303.12582377
27856,16750422.191229409
28594,30759413.69726412
28595,27200834.378309175
29837,23811937.32423844
29889,25319784.942753524
29918,36368630.14795088
29923,30601009.236895483
30639,29097040.445311237
31364,27444851.404055137
32026,38352628.59503494
32856,20751156.76285701
23629,20882435.48512692
25981,15146546.638769442
23634,36724717.21144758
26046,24696452.51794444
26054,32962372.778424047
27106,25185960.524764225
28606,34245868.44311433
29843,35581549.08761326
29890,31007419.61486909
30660,28784855.016765367
31365,21802122.126418825
31993,24967491.279036827
31995,17764840.54252454
32891,39293530.31858652
23635,10800980.92492531
25967,16131254.738182047
30654,24026822.110893488
23636,18177886.75528322
23681,13271608.87497775
28395,9260924.438625474
30649,20057785.51854504
23638,17509676.56098363
23640,8644070.30892325
23670,6841219.002317451
23679,6720558.682771165
23641,12292382.380844785
23642,10687101.553888883
32882,11185573.554815099
23643,11284260.85106792
23645,13350586.586603122
28586,9921222.720233664
23644,10026755.04979778
23651,7868263.575784579
23669,8902253.986880763
23652,6899552.001708328
26061,16534195.55677587
28391,13816456.383787451
23653,6810284.7024940625
23654,5093957.14312133
25998,8404050.290745378
32906,6674582.022352314
23655,7396574.864019668
23656,12267919.319455525
23657,14588353.839030331
31323,19657989.06555261
23658,6732482.210890477
32001,9177238.571846183
23659,6262027.74710249
23660,7076497.164984345
29525,13625544.63011975
23661,6288776.296632927
23662,9083981.229533259
23666,9083981.229533259
26070,9083981.229533259
26071,9083981.229533259
23663,5286378.706481791
23664,8450919.788490448
23665,10639208.725817978
23673,10729721.287920423
28611,7899425.9168667
23667,5860525.078563319
30642,8313767.484988467
23668,6415558.86717368
23672,7339545.782340678
29538,7266327.073116284
23675,6241664.467685204
29064,6559646.7063993
23676,11980858.796819583
25924,53238559.88468553
26009,12118775.721429309
29422,14074445.995154163
31335,13798813.151372418
32881,12588913.172552772
23677,8375383.863216033
23680,8375383.863216033
32893,8327639.609701871
23678,9160727.945723502
23682,7257459.6688448265
23683,9781026.984113779
23685,7094010.597260816
29537,6975773.387656626
23686,11080112.82557475
23691,11262043.65116498
23687,10520363.563748306
23688,9202974.666982329
26057,8017118.7744095465
23689,10703010.43523149
23703,11029716.529680645
23690,11292889.484689526
23692,11144891.764226181
26073,11144891.764226181
23693,9169118.201915823
23694,7033054.668609096
23695,8740436.87778841
29511,7670313.379305701
23696,9063494.85827781
23698,8535855.933863575
23701,8333990.65764958
23706,8445050.289742466
23702,10702689.966700612
23705,8411785.384026106
23707,8464921.550247986
30647,9154327.218799707
23708,9567393.408229299
25994,8269718.37889679
23709,13657201.417138107
23710,13759564.660027687
28180,9018882.850208132
23711,8681942.750879243
23712,10143196.191988934
23713,8173240.0074708015
30662,16020778.878241632
32898,16669265.2435085
23714,11549958.088320361
25999,11535763.04366928
23715,6579790.313757902
23716,45133070.640594944
23778,24300544.823616996
23790,105033193.91649662
23912,22137646.86619079
23913,28818037.214017294
26079,45883340.9657652
26096,29259121.09950973
26100,20801594.63924266
26132,80259506.42762432
31410,27816561.532231923
32059,34304680.216129534
23717,23423094.624218278
23719,20797405.71840278
23721,15539022.20216814
23722,15441765.375820434
23724,24763306.30069723
23750,11158469.890330508
23751,10595267.73374686
23757,10578137.061488958
23776,10493546.525963979
23781,10493546.525963979
23791,10437767.223593099
23862,10437767.223593099
23908,10493546.525963979
23914,17177723.056348685
23915,20961161.475664176
23916,10493546.525963979
23917,14531942.452162825
26082,20517651.841477685
26083,20517651.841477685
26087,23373177.541875705
26113,10769939.38525168
26117,10649335.136053007
26126,10493546.525963979
26193,10417078.495609669
26217,20961161.475664176
26218,20797190.06017958
26220,10493546.525963979
26221,10493546.525963979
26222,20508923.360570077
26715,20508923.360570077
26856,10527698.760290619
27648,13695129.450938579
27837,10477128.054559512
27849,10437767.223593099
27852,20797190.06017958
28096,10463055.91935922
28101,20938503.493509915
28262,20797190.06017958
28263,20830959.1991564
28417,20572560.115408603
29368,23373177.541875705
29369,15441628.833615668
29392,10536174.77016989
29400,10493546.525963979
29976,10438600.625375494
29979,14809418.405067354
30589,9662046.942251
30595,12744234.225971896
30603,20087192.35618996
30616,23737727.836486083
30689,10000850.96068302
30706,14042283.916466873
30712,20842676.77416122
30990,15491819.346561009
30992,10309590.346262403
30996,13596014.007139815
30997,23541442.572066963
31056,21454515.271030884
31057,20961161.475664176
31426,62572532.53347405
31472,11055090.027902354
32466,27764438.5701181
32861,10309590.346262403
23718,26887643.4696805
23774,20588801.724092852
23898,26593386.628906995
26080,24327276.64622695
26081,25802705.84306563
26084,47566561.28929064
26086,43503231.66784687
23720,10548057.0713661
23833,10817535.247765638
29971,10697046.221768402
23723,25146616.42015336
23726,13245240.414674202
23727,19384588.8055728
23761,16488207.804382926
23767,20320964.44046822
23775,28690206.113891143
23895,18589618.17453336
26088,24629815.43467842
26090,17348876.14456341
26091,23959818.76388882
26119,24055040.62095834
26122,24446181.56060403
26123,29616911.439391766
26203,21276802.54369753
26211,17327741.512702245
28097,21379969.69677905
28635,23759341.692781463
29382,32336900.52001726
29393,17362678.645008672
29395,25231684.570659563
29396,22693244.58965537
29397,31448981.078922234
29398,24394367.49118181
29399,25231842.66066797
29743,25076146.438330054
29744,27537711.378912844
29746,27255890.40992751
29747,23806625.870918434
29967,32336900.52001726
29978,16029511.754513782
29980,18366120.938672107
29983,22353141.341596935
30297,25231842.66066797
30307,27537711.378912844
30369,15841456.083585568
30370,21442670.384089675
30690,24394367.49118181
30713,15308313.311553443
31013,32336900.52001726
31297,25231842.66066797
31422,32245915.06070304
31423,29844376.254893757
31967,25076146.438330054
31970,21258476.287383366
32060,29616911.439391766
32065,27255890.40992751
32072,23111108.488517754
32465,23111108.488517754
33199,25076146.438330054
23725,39512018.68094938
23786,37701960.37403646
32074,31633329.407918673
23729,4727225.810309258
23730,8915642.543514417
23734,14468978.341439556
23737,19260951.622140426
23743,9566179.472106118
23745,7803424.753665228
23752,12513827.273021245
23762,19434610.373927332
23797,11110111.706871385
23827,11074078.67585604
23841,16914502.763378683
23848,14256739.510466518
23853,15328313.356449172
23859,15300431.67707588
23884,20654961.42505857
23906,44209778.01884445
26104,9533692.973812906
26111,11981000.48651557
26115,18711231.64802772
26169,11694269.170293672
26181,14577807.618742777
26195,19994049.461250722
26205,19453305.796577055
26213,43433971.3105148
28026,11179200.89651808
28055,20676047.067265697
28056,44225185.042328306
28253,16079478.932350267
28261,20160215.49375083
28408,19994049.461250722
29387,8173661.639900096
29390,14486811.603190314
29418,15316476.465924617
29739,8899877.846301781
29749,11087749.786991827
29858,16303196.088832216
29972,9470137.669962162
29973,8433486.781232517
29977,21782764.03546937
30366,7803424.753665228
30367,11300662.93241941
30379,10283876.165171143
30732,10100728.673810508
31006,16303196.088832216
31063,9951051.167120554
31453,9818961.734212078
31468,14394360.536882207
31470,15328614.565594573
32061,8915642.543514417
32476,15386853.211146593
32932,9603052.578564413
23731,8712142.180562964
23736,12780504.12202549
23816,9466778.73722412
26177,15661709.969482567
30693,8184367.005176477
30694,8712142.180562964
30697,12780504.12202549
30699,15735799.414985584
32475,15661709.969482567
23732,12760071.573482333
28895,11254651.03490002
23733,11350835.21468439
23838,10945432.72517827
29740,11274864.667299515
30695,11350835.21468439
23735,10160013.212607043
23738,14732645.445432246
24725,12177921.852890754
24731,10251411.114540456
24735,10215466.036232326
24739,19131137.355243895
24740,21568900.81633999
24741,14697285.648458563
24746,20549401.267203003
24760,9995516.18290671
24761,9788407.649849495
24762,11912223.506516352
24769,10239103.905738538
24772,13852173.140204381
24773,13852173.140204381
24775,14408577.583662406
24776,13852173.140204381
24779,13852173.140204381
24780,16426896.261710703
24851,9495698.372259468
24901,9711115.36986189
26753,9995516.18290671
26761,14777194.425945792
26765,19196385.847598564
26778,14408577.583662406
26932,9141959.00280621
27733,10567854.598695416
27734,12364345.447952598
27735,13805153.720895823
27737,10034601.534328612
27738,13558945.929060942
27740,19348499.46276848
27953,10162348.731200416
27955,11177578.74598797
27957,14146885.459070642
27967,12567530.760083875
28209,10221640.00352968
28210,10241159.735685943
28279,10392377.32251979
28283,10229836.356955867
28284,13866198.84196598
28430,15362945.909632722
28504,10419419.560364703
28533,15549943.467734115
28534,10740411.579951225
28684,11912223.506516352
28686,10567854.598695416
28927,10221640.00352968
28932,11249044.145904701
29297,10326471.285553796
29686,10475209.992868891
29693,9046166.991373578
30043,11318629.269424662
30044,9990239.100825831
30049,9788407.649849495
30408,11318629.269424662
30410,10521793.18583451
30412,10221640.00352968
30413,13852173.140204381
30768,13822191.136507766
30769,18759092.79610059
30770,22523852.220702596
30771,20492948.317815557
30779,10227469.93819841
30780,13757526.106693057
31094,15589525.142105324
31095,19397648.220476095
31098,20549401.267203003
31104,13537721.133970466
31313,16732932.586175973
31527,10521793.18583451
31529,10868162.983237084
31531,20404658.677791666
31536,10177827.594438834
31544,9328220.938261224
31545,11630741.5516101
31551,15363906.685036216
32142,17167808.74662167
32143,20351178.894961406
32152,12455470.075803231
32549,11318629.269424662
32560,9624948.260777261
32568,12136586.643005846
32994,10521793.18583451
33004,16634132.886965962
33005,19439671.84463294
23739,7356923.101192543
23740,9096296.58486985
23741,9743146.394169267
23746,16505460.229746796
23753,18971923.41412256
23795,9813556.666474178
23804,7478373.66042778
23813,8699107.969977122
23814,8699107.969977122
23818,9950331.660118919
23820,9316480.768574033
23828,12835388.412445039
23831,13724619.79377679
23834,12770524.4936514
23835,11579504.137522656
23836,10060010.583321443
23837,17737304.555571616
23839,13031053.703747135
23855,16471880.962617096
23858,14498072.39559993
23864,13110915.069699582
23865,15616591.668617299
23866,14361475.877353994
23867,17412346.172354575
23873,18234156.30712803
23876,20151684.41280096
23880,17150275.761935443
23887,20337682.53407096
26102,8457453.169387873
26109,11860883.817663757
26114,15462865.134639196
26135,20590702.79228033
26140,8627019.04869173
26141,9279262.741950328
26151,10228767.901518106
26154,12112839.781552067
26159,9531193.884279458
26162,10042482.133376367
26165,9388119.513758663
26168,15508723.312229205
26189,15007318.545851013
26191,21812699.853996392
26197,17586948.093286227
26208,21200066.768903892
26857,14189948.17959674
27834,9468108.595087562
27835,10097419.68753038
27836,18961622.23523419
27841,9476859.668096902
27842,9344407.311363267
27850,20397638.576549847
27851,18258713.0262586
28021,19313232.71410335
28024,11342875.076746106
28027,9525057.306296824
28093,9991478.495954009
28094,19000243.16482804
28095,14996817.95117992
28255,9555146.932832997
28256,11734199.604364276
28409,10327247.196432251
28632,10016894.911796974
28633,12895002.62410272
28649,10420134.825635955
28887,10182822.091940593
28907,17521604.12822587
28908,19749180.448617484
29408,9813556.666474178
29411,10504903.658809036
29965,8995005.877680222
29975,18601322.91018964
29996,12112839.781552067
30362,9468108.595087562
30368,20131713.262018804
30374,9991518.618276099
30705,16513701.526234016
30720,9748129.39993292
30721,9034492.438518267
30728,11899350.486467412
31062,9468108.595087562
31071,10511832.240325581
31072,12923616.76919238
31415,9819156.034729278
31437,14514152.12912133
31448,9019618.685240984
31458,10760072.724142762
32071,18449444.860457327
32473,17868940.64809823
32474,9991518.618276099
32494,9811308.783784267
32927,20157578.12160065
32943,9813556.666474178
32950,9279262.741950328
23742,11832037.207637098
23748,15713984.202766163
23800,6039859.331928711
23803,8797790.209398316
23805,9303751.274091573
23809,10331688.65952377
23810,9401109.749768112
23822,12283539.220202401
23825,11520063.413927447
26110,14831439.211769506
26156,11131805.923908377
26170,15493496.200402932
26173,18680403.32389147
27840,9274332.684355417
27843,11908071.846747147
27844,11702386.689752512
27845,16384227.772769187
27846,15457087.914047385
28025,9047021.658149509
28028,14224456.790413432
28193,9077435.939914709
28411,9636166.237954922
28644,9615571.260257747
28646,12491377.501973268
28647,12092569.367525438
28897,8610599.67937666
28899,9417609.913199268
29402,11566276.856598195
29405,5404734.727812278
29990,9012923.658392755
29995,11900853.13047081
30375,15831202.936064856
30716,8455257.422218239
30725,12049067.690462366
30729,15291027.923686886
30731,18210091.5693713
31069,9517230.161820587
32077,11864430.58118179
32087,9550044.153325789
32091,12693076.07065909
32485,9061116.462395726
32489,9235536.187602079
32949,9076703.027512558
23744,9780646.426723866
23872,13799696.264950147
26105,11294632.954952257
29420,12238737.791190978
23747,23317104.83177193
24468,15445905.086161694
24568,11788140.418733237
24620,30514149.283192284
24639,33458206.673867445
24710,21080240.13723979
26670,29615856.260915138
26692,40349038.06528715
29428,13154538.978560714
29431,22572734.096320044
31267,37499652.93045672
31387,36867543.716047235
31402,29391385.136980403
32047,36070841.71452165
23749,14556469.148400681
23766,20758115.95176378
26219,39199325.38188087
29985,38799487.01058392
30382,17567913.72325472
32464,15633529.286811057
23754,8894696.16009168
23769,11531049.677470557
26182,6766037.208887569
28030,16048094.795837428
31417,10664582.9585027
32070,8705252.099307291
23755,17842417.31331868
23764,35748639.41941528
23765,36234977.04185816
23768,24580906.316693034
23770,27420378.61191804
23773,36588979.54575564
23779,39560599.245036125
23780,41640540.643086605
23891,26924102.88450737
23902,31413423.981357455
26116,32485389.994285602
26185,21060022.89510302
28029,31222767.409111205
28251,30409187.802033853
28260,19359664.786274042
28415,31450342.99334429
28416,19329681.55258224
28631,34365010.670242004
28651,21655981.69092138
28910,25283327.616458967
29394,18823506.837610964
29757,16627188.959039966
29964,29601005.096679114
29966,31309088.17914644
30001,30615661.473211538
30002,19359664.786274042
30371,25529051.527692255
30378,16514190.661097575
30381,20781446.47136995
31061,31901730.655125223
31065,25197648.842343945
31420,36588979.54575564
31438,32356323.005192958
32058,26845399.691431947
32100,21903612.419310298
32467,21064574.96568183
32501,24359587.258814245
32928,23335339.157077644
32958,14982492.768901765
23756,15379975.666332295
23758,12647813.677586822
23784,59931067.53607322
23787,70818396.383821
26092,39575953.20238016
26128,61894651.19074564
26129,66133154.411994345
27905,57635811.4845855
28022,95654992.56113914
28035,39366996.01176596
28104,39366996.01176596
28566,41885524.47430909
28636,64687326.028633036
29068,39575953.20238016
30617,48211235.293260045
32937,29068590.496903297
23759,15907867.467209404
23760,12698259.632068153
23763,12797698.0773455
23798,7721186.345232128
23870,12592967.670563143
26175,9306361.859230008
26192,10348242.53210392
28259,9467923.217855603
30726,8493788.092134299
31403,11402347.638805937
31418,12266463.79024698
31471,11524049.099360233
32926,9280174.782383077
32934,8558886.017858269
23771,13846456.602089092
31311,78538248.07235916
31424,39525299.765184864
23772,25126138.242908966
23788,50723202.69652719
23904,22792376.436188273
26095,14744541.125784576
26127,17151219.3320461
27657,85933356.01595509
27833,22002146.994834937
28057,18205817.9037905
28222,25579090.503898423
29372,22633109.440032978
29373,22567330.931338016
29374,58337057.38845838
29380,24908299.798014857
29381,21173268.33912391
29383,51865486.033982724
29401,81435916.87496409
29730,36891470.513506405
29731,39411548.58354567
29734,19153993.974718496
29735,21402436.673646625
29745,24476966.527814146
29982,14423961.735936265
29986,49251443.64221207
30360,21364902.2291424
32075,77626675.77623762
32459,52644650.79065755
32468,23722507.742441542
32469,19539416.10303736
32470,43429010.37203852
32834,52552165.457679994
32929,52552165.457679994
23777,21413416.86897021
23782,29713442.576632958
26118,21277957.871596884
26124,36276102.772166856
23783,21459391.867005687
26130,34367653.49126165
28854,16287482.383367723
23785,29974008.847286224
24487,35233575.279961325
24498,55631292.31095017
24579,25949053.29170785
24593,20563924.926764462
24599,27568640.400277004
24612,30644577.211663395
24615,27623269.624814115
24621,38488426.98844331
24623,30875168.931384295
24631,49208574.186769836
24638,52787725.32272687
26602,56063053.22968645
26615,51075283.359164335
26667,37579720.90438382
26678,48683815.88293461
26713,33448249.951623164
26732,38385906.6977162
26736,57245646.66087869
26875,69986095.96678826
27907,49384695.50040576
28509,40109918.19825276
28569,52187975.71696062
29426,73156690.52821971
29430,24132777.17464981
29432,39418683.00146533
29771,46732730.63487106
29774,52489596.09866234
29932,56459827.57544993
29958,30787038.0331075
30310,53484340.12985079
30356,25213316.384773232
30669,27803191.64086092
31252,53500760.0953218
23789,11293157.387944598
26131,9656847.620866034
23792,10024791.616154635
23826,8438376.362747062
23844,9008619.184772903
23849,9008619.184772903
23851,9308162.49448451
23852,9008619.184772903
23854,9008619.184772903
23871,11077295.022134302
23874,11077295.022134302
23877,11487749.445153557
23878,11077295.022134302
23883,11496907.709254514
23894,11496907.709254514
23896,14409747.906940188
23897,11496907.709254514
23901,9443832.270362146
23903,14409747.906940188
23907,14409747.906940188
23910,15395768.478001973
23911,15591594.907988021
26108,8046359.6553810155
26134,6878296.786654713
26147,7354194.419487542
26176,9308162.49448451
26184,9896322.31365342
26186,9008619.184772903
26188,9312764.76094691
26194,11496907.709254514
26204,11649427.609180223
26207,14409747.906940188
26209,12100148.16096609
26214,14409747.906940188
26215,15395768.478001973
26858,9008619.184772903
26859,7284409.318030316
27838,7624547.545637587
27848,9399234.859470872
27853,15785252.36041316
27854,15035675.19264489
28031,16899352.255812448
28033,15975140.286411064
28034,15785252.36041316
28252,7354194.419487542
28407,9896322.31365342
28414,9308162.49448451
28637,9546128.837481583
28650,9312764.76094691
28652,9008619.184772903
28654,11487749.445153557
28655,12197651.36869877
28890,7407364.070833259
28909,11496907.709254514
29748,10175677.888207296
29984,7407364.070833259
29988,9399234.859470872
30006,14409747.906940188
30373,9501534.359870968
30710,9896322.31365342
30714,12840239.947659278
31066,14409747.906940188
31416,8534695.804284666
31431,9896322.31365342
31435,12213938.323445104
32477,12840239.947659278
32939,10175677.888207296
32940,7309532.960760331
23793,9079589.106016343
23832,10420015.193866562
26097,9355307.536048707
28042,9181514.492154207
28258,18344587.77378494
28412,8447936.502068283
28568,11799205.052089777
28585,11964098.367188217
28905,11525350.655122254
29069,13297079.327862797
29388,11126909.68945309
29732,8261543.023123488
29742,20155396.82941416
31429,10696607.100994833
31433,11798440.619706491
31465,15327555.26159725
32078,16486642.39443942
32080,13642398.621863188
32082,16592422.826565996
32089,10559981.87705673
32090,11334802.589165434
32933,10805900.998977326
23794,6777220.758981432
23796,8767934.995667852
23799,30643272.426056195
24152,20789292.004200492
24448,22101855.769303754
24459,57279005.522481255
24462,38674085.490257
24465,58680278.88798745
24491,66017706.6133128
24604,22427956.32137642
24636,25139939.842405837
24645,32604758.64233683
24649,38665745.47335972
24683,41569572.351623505
24684,51719983.935725115
24687,55307827.953797564
26595,24494289.818177313
26651,10450905.618554374
26669,24724844.73617699
26672,25027234.547259957
26681,32259962.90829466
26684,26691604.3082272
28220,57852021.08535257
28221,72096589.92876422
28234,30288519.934436735
29433,17106678.4013505
29434,35581900.13523481
29435,36434665.365204096
29436,43035143.51998322
29439,33500428.89215238
29440,21549883.00762361
29446,32749302.503784172
29447,55578333.09972177
29495,32887294.076585818
29770,18710123.19326419
29772,38231622.936899856
29776,41523767.63897317
30300,41998789.068183996
31255,87565160.98489039
31256,36191360.7532139
31269,51113041.31764936
31271,72064669.60297829
31273,37299819.18909639
31285,41384427.824613325
31288,25203867.058507167
31289,47996245.51793004
31292,24399983.990680557
31293,24764853.928787358
31295,31916194.559370525
31296,90812004.61432901
31934,46270301.9028994
31949,34056397.53596048
31959,56040945.27104443
32035,26877979.35216316
32855,40819672.00826568
23801,5979908.251769549
23802,6345153.724380843
23806,6635335.609443535
32487,6554446.485835383
23807,8911837.345749605
23808,7542349.177720017
32488,8102489.0688412255
23811,6941510.610359697
30718,7654354.195108814
23812,6898591.818892915
23843,9169260.768562002
29389,11287928.633688381
23815,9696540.400446504
26107,10951258.342943845
23817,8478702.207409881
26167,10658974.259261444
23819,10858660.453987246
23821,9029507.643595792
23823,9073207.347096462
23824,8161895.77543594
23885,15967205.590492785
23899,21718832.068862654
26174,11979938.973586597
26199,13589230.895581027
32925,16113075.297953835
23829,10752570.021676479
28413,11866916.038157461
23830,7832724.54572309
23845,7455237.5802258635
23847,7905467.045154669
23856,10815806.982389055
26166,13077918.443035949
26180,9949554.303570414
23840,12512527.37013546
26187,16311994.575491743
29370,12436306.649928255
29371,15414652.505204016
29729,15852974.581402896
31430,12617404.384214642
32461,7402314.328616955
32472,12639718.313884169
23842,10332424.431985775
23846,17299111.411193397
23857,18232333.6396242
23879,25578573.427926317
23882,26601893.66208137
23886,27171450.632614374
23890,27701251.32851519
23900,42910891.07964631
26183,18142818.482842732
26190,19778448.653755803
28642,18060327.34558318
29403,26815372.648454588
29416,17307012.490994822
29419,19658873.88368
29762,25358324.95629448
29999,19405230.6977372
30004,25570698.120153125
30005,27394572.287395928
30709,18014306.322681352
31461,16936474.05254324
32076,19684741.668023076
32480,27378956.723830495
32500,18242732.434865657
23860,11907511.83631984
23861,15385173.624588437
23863,12488967.254168078
23868,19321954.59070898
24474,18913587.97544187
24475,19050332.478550024
24476,40882936.48095437
24507,51422017.340442106
24605,17348550.9754223
24648,35985964.69615332
24658,46107048.33528588
24664,43675956.987952985
26596,36261848.965892024
26695,39034036.11392743
31291,19050332.478550024
31304,36509590.04516439
31310,36261848.965892024
31371,25666130.851063803
31372,44790384.57467698
31961,19170835.095482685
31963,29937618.487760276
31968,35044270.853699364
31974,36261848.965892024
32032,44765891.73616714
32450,40615867.90590907
32451,61123761.3801843
32921,62106270.52165953
23869,15424580.076664643
23875,14111772.436513584
28023,6404885.778497386
23881,14117630.511330537
23888,16545662.338192148
23889,14815852.686064295
23892,22738401.943169717
26172,13912460.007701324
23893,11076858.625548191
23905,32229110.69301709
24528,36349442.46967478
29466,19967390.84522702
31298,27532525.90999278
31972,26118956.16164344
23909,22194003.151048787
28032,39119900.08613184
30372,45533107.54097684
23918,8106356.124211222
23921,8386895.488527002
23966,15821801.469249481
24076,8730083.150525745
24092,31661368.087458495
26223,26673979.111037005
26224,12205530.12066181
26331,10803031.46360584
26332,18475586.24707993
26343,22787018.361357596
23919,13606487.794355333
23920,25693512.963951707
23930,9724286.853139207
26251,26838176.77560629
26304,9367183.335697787
26316,13182941.863307487
28922,9793561.020049196
29322,10519971.528966544
30011,12481131.982618976
31515,10004597.71564187
32106,11842814.597776826
23922,8788607.57505264
24064,10023522.846523821
30730,8788607.57505264
31952,12862301.656540815
32540,13598052.248743385
23923,5921981.3548120465
23928,7230111.448468183
23931,13972897.36180662
23956,10871431.488211593
23973,9997567.976467375
24014,7944646.39036299
24016,7948490.994490029
24021,7774272.248763293
24038,9606704.752094386
24039,9672017.747248482
24041,9840336.14869904
24044,10447711.485925801
24057,9634967.50494565
24058,12617689.554851508
24060,12954935.485528395
24062,13043215.627339453
26226,6147503.8932172805
26227,8195345.277878353
26234,9810049.706977788
26248,10947443.661010792
26250,15245458.30941975
26312,9865290.691438429
26850,13378176.069759775
26877,7946768.41482247
27650,8088227.794230835
27813,10963027.659221513
27815,9871124.335300973
27821,10906512.083966224
27822,13707586.565129064
28008,12846795.512318572
28016,9578559.053573096
28047,10386296.906679925
28049,10487201.582378317
28192,13986790.315394998
28660,8062510.304338259
28664,11060121.550861232
28665,7926233.161364565
28915,8072089.81213631
29710,14116867.154719552
29712,5707463.576875594
30012,14429734.485109847
30032,8078030.578367947
30386,10083654.861227931
30741,11145072.378389135
30743,7944646.39036299
30746,8088227.794230835
30763,13683774.224419706
31477,9987915.669841086
31478,13665217.571703581
31479,14798205.539974708
32112,7898878.284821026
32121,14990307.362073505
32133,10097220.007443862
32134,10040290.122882925
32514,10948039.924026143
32518,14566641.981906824
32537,8030232.991599078
32543,10726280.914792536
32865,7926430.037985354
32962,14222196.03777163
32965,11150316.012986636
32991,15358611.430006092
23924,14220761.49789231
23929,8418798.743648538
23950,8166704.206343363
23962,20000262.38595557
23963,24053980.37590293
23974,14609287.057173433
24055,13921190.824400509
24056,12806685.070261812
24061,8142177.346651871
24068,19667522.985322494
24072,8555070.231985414
26201,13823454.773332449
26307,12304968.567841362
26308,11279821.57657588
26321,15124170.98770955
27814,14512461.374374678
27825,7473763.377997077
27909,8161540.376368338
28009,14403283.826080175
28017,8233700.311510817
28045,8495457.010632237
28108,12386165.241382338
28191,14168643.891644962
28667,15825262.390327558
29317,19911217.40065279
29319,8345579.451283351
29352,14091169.742777422
29711,12962732.17114059
29874,8320728.890502202
30023,14500400.770944217
30390,8448137.664612541
31488,12374793.248349791
32517,14881231.821373764
32520,26495936.529094025
32970,8166704.206343363
32973,29243519.956838727
23925,10162042.317545764
24101,8920964.340042572
23926,9787111.246215433
28018,5399925.595275802
23927,8864800.678132268
28670,6832537.143495534
30029,6832537.143495534
31087,6876606.38324222
32126,6860155.16546782
23932,6679805.9735152405
23933,7020688.313369591
23934,7090839.869006073
23975,6441158.414107711
23976,6415529.703798532
23977,6372811.595834748
26235,7079234.417766861
26256,6418209.4679686865
28668,6837700.888296085
30024,6928930.013911362
31484,6801085.997078448
32107,6629316.83410236
32511,6809390.893027775
32526,6351697.568951428
32966,6588218.334259344
23935,6544574.456509976
23940,8101925.105156038
23942,9835952.063716521
23936,6622481.654884297
23980,6812479.628845267
23981,6682073.6585413935
24102,6931434.980652596
24107,7507821.22019279
24110,7622529.918942348
26228,7688803.330722559
26236,7703784.614383694
26260,7492261.127254223
26263,8795235.070501095
26333,6702634.441165122
26349,6779833.647734983
26350,6906471.78227845
26362,7614934.45834947
27832,7107251.342081463
28050,7476199.810614858
28658,11330028.711022975
28680,7683636.518038772
29329,7623833.386634889
29331,7618585.030101684
30008,11330028.711022975
30025,5937707.855547832
30026,7580591.350483069
30027,7584960.605448061
30387,7981732.211793371
30395,7491481.302598526
30740,10167100.913371682
31086,7797677.0796459485
31498,7717652.428907851
31501,6605106.824864363
32125,8183612.728572078
32525,6446143.467405365
32527,6586746.967504663
32977,7641672.562433975
23937,9059358.668629097
23951,17768288.22386604
23954,18087110.938078195
24034,13941237.414629262
26277,8164394.002614295
26278,9900048.554035109
26302,12955348.521632047
26303,13110647.404693317
27812,18077864.945058968
28006,10111542.913554918
28666,14046482.45826789
28916,18315885.383485455
29318,8361212.271681829
30016,8768588.691090558
30402,13589099.491773928
31254,13678488.395195814
31514,13154924.397603171
32513,13558144.402335662
23938,6554249.058593753
23939,6267774.592415637
26364,6399322.132250751
27830,6587261.592951862
23941,7565382.597467914
28924,5761625.235612923
29337,9382259.41764806
30747,6852780.06353768
31505,8030914.326109604
23943,8549426.948132453
23944,9027438.473913819
23945,10543200.059924
26232,8986830.220147073
23946,13043254.617826926
26283,11380041.406378722
23947,13968956.673508594
32130,12785224.62377822
23948,7282412.876926005
23957,10421277.905855965
23958,9562081.699026266
24046,9548408.309849186
24047,11806886.851012956
24091,12815767.019361736
26233,6763864.0501641715
26317,9478374.770324906
26318,12083189.561219618
26849,10320713.036807714
27824,9143180.559478648
28661,7625748.981067235
28662,10770754.33164931
28677,9176895.095411172
28679,9301799.382578723
29365,14100629.239418233
30033,7766983.262856763
31476,9969290.580772612
31490,10718611.71653004
31496,14391222.971092647
31524,8666253.537159795
32138,14121301.951300975
23949,8444926.192589274
24029,7873688.600457994
23952,16215861.285590202
24078,6952101.813208734
23953,8292745.395907258
24036,9661030.395890174
24069,16101569.830239944
26255,7956429.437730074
26322,15166135.98115508
28046,10581753.993389081
32986,7716284.936454471
23955,15012151.274836434
31508,8060573.553511607
32512,8022724.1745675225
23959,18217643.385292426
23960,20341656.1275933
24043,14764120.271732874
24049,16065874.33196059
24050,14321192.051087787
24053,17404660.013970852
24063,19056509.646608435
26230,7485969.601640165
26242,8315231.616902496
26249,20126982.421554573
26311,12284592.036791924
26313,14513001.459582314
26319,17616368.509484675
26360,8184780.341383257
26851,20235740.898037862
27823,18922857.96407814
28089,7639386.044813427
28581,7100733.431401755
28678,9152681.849166162
29339,8124186.393504298
29723,12603164.77930468
30009,12331626.831754744
31521,15489602.73688866
32989,14583121.083561677
23961,21666778.199286904
24065,13249700.29898253
28676,13409392.989870286
28923,10580694.079727542
29343,12533843.949026244
29714,11673229.221385147
30017,11664336.589258948
30620,16057513.821063247
30734,9239974.870441718
30735,11108535.343773708
30736,9666076.049070545
30744,9023052.918915354
30762,19514927.50202466
31011,16371921.241030738
31012,15779063.657022158
31074,10459503.98580741
31075,10050269.254328446
31082,10371398.519088162
31314,14503476.794804923
31475,10850329.441722024
31499,18010810.797050394
31523,17152133.31918727
32114,13518799.952697916
32507,11094988.63778076
32519,18356578.848954104
23964,16371876.77016997
23965,36443639.32160012
26229,19336128.069986366
26324,18849676.81087703
23967,8901095.754423795
23968,7268223.313317047
24082,10443764.071230244
24083,9947711.131817736
26261,7286863.505715552
23969,9452032.183033656
24080,8272448.965543063
23970,10455679.724667214
23971,13366135.274385884
23979,5134148.163710421
23982,5836669.848937307
23985,7825659.66803125
23988,7716825.926050059
24000,9422850.588976616
24002,9118511.65816947
24009,10597920.588822914
24015,11336498.610419003
24031,13511174.252692677
26257,5094167.924540871
26265,6224106.88771437
26267,6794164.657565273
26271,6994747.223955359
26285,10255777.68011258
26288,9146639.601593902
26297,11621626.356212242
27816,7610632.837636586
27817,10255777.68011258
27820,13698443.10305081
28010,12123569.778001174
28014,10265713.643637035
28048,10582779.637767788
28051,7254684.081645476
28268,9090876.037281748
28270,7077985.465620835
28273,13527973.220888387
28671,10321087.457728513
28863,7630276.258896405
28918,7454617.175236597
28921,13744969.25928561
30022,10408444.997697396
30392,9094316.453761607
30393,4770179.455236153
30400,9422850.588976616
30750,6884003.027011195
30755,9071108.08019932
31084,9930228.799628224
31512,12103488.498882044
32127,7521327.6496187635
32129,10320587.97288047
32523,10145938.290422747
32531,6770900.622861559
32974,9488747.443034356
32984,10265713.643637035
23972,11206446.083337668
26335,6980046.792353964
32103,10279366.728837205
23978,5242820.327921705
24094,5351075.396271455
24095,5242334.642957972
23983,6626823.612858922
23984,5715627.11969883
23998,8636012.37271014
24013,10513991.150091384
24017,10581145.060025062
24022,10725820.744804682
24035,13806330.152680267
27818,8403984.34669416
31504,5733383.987517193
23986,6041360.360351244
26240,6219731.203209786
23987,8092790.906986383
23993,8865233.978035841
24004,10380393.59898781
24037,14009291.061730748
26253,10810700.546356488
26275,8589190.950608363
26291,10723170.436322812
26298,10746609.616829595
26301,11325711.435226925
26305,12650889.199036453
26848,13889521.794670677
28015,11273149.782979727
31510,8825233.44321125
32969,11185220.715232072
23989,6994868.3295076415
28582,6945751.671592279
23990,7953733.645191382
23991,9905132.664372476
23999,10784317.224293279
26310,15416452.103441754
26314,18723701.349711213
27810,20947779.58293542
28007,15561922.470230816
28420,16119094.827714538
28674,15935267.742417416
29325,16851109.78243454
29341,10292198.442822397
30761,20694753.244235754
31489,18807316.131616604
32108,9890048.171788376
32118,11191296.11911401
32505,10240729.331021378
23992,8918044.076107971
23994,10613902.601766007
26243,9440970.819680067
23995,9078533.083656682
26293,11156233.6672149
32536,11887591.472652266
23996,8310916.186743438
26262,6058551.513911912
23997,8117733.272924579
24012,9980677.309195627
31089,10253748.628379207
24001,10625195.511230486
24003,9364491.25751418
28673,12033378.542351976
24005,6576068.943610983
24020,8913954.745847464
24030,8726361.182289382
24067,17744919.6844112
26320,12550153.817827633
26323,15935727.59608896
26325,17994148.55849914
30010,7403384.9366289
31081,8151992.629867299
31520,10840018.994724741
32547,17744755.945182033
32987,8726361.182289382
24006,9212981.30301979
24007,11176830.414060803
24040,18909580.21160891
26295,11531581.191378316
27819,11568977.318775048
28271,11568977.318775048
29727,7980322.18182935
30034,14764084.190131612
30405,18209060.98522599
31516,14582716.717529569
32535,12249324.285980232
32538,12510383.30097832
24008,7457871.649589243
29346,13049972.192837376
30751,8269243.43831914
32128,8269243.43831914
24010,9731929.1394979
24011,8815100.559368888
24018,10115997.747182913
24028,11893782.539414555
24032,13225979.162720386
24051,15419118.062227314
26264,5900604.787583533
26269,5315189.815815031
26282,7910104.235122245
26289,8973470.125696532
26290,8983030.161987524
26296,9252757.232773004
26315,14246414.388745004
28013,8818846.732686594
29342,8134034.728078583
30748,6117093.020598585
24019,8564219.022798518
24024,7930921.363050487
28659,11016278.776547281
31485,8030210.6598452525
24023,10796205.888390902
24025,15604879.15565129
24048,20926477.563553724
31497,14516677.11332302
31519,12479490.704548217
32541,14284013.495169586
24026,8855424.042874755
28190,8378815.23730515
28657,9478230.909517681
32968,9729993.378853224
24027,18807486.746205326
24114,8261136.581905408
26334,7253903.334493459
24033,13270979.085988125
29367,6784710.009792734
32976,13715655.467415595
24042,11475118.611033628
24045,20252773.973916586
28274,20695418.35071006
31480,8091816.328078792
31482,10287925.44626581
32104,14147113.604720473
32105,15645410.124436367
32542,20252773.973916586
24052,14299526.578245414
24054,14542193.102167726
26300,11132961.290618367
24059,20758297.92347598
28919,8729336.993748467
24066,17204233.810139395
24070,16929203.41245789
24071,26822798.49600003
32117,34843109.832235545
24073,9462857.51826492
24074,13898475.272905193
24075,6280176.948957944
26357,6168578.041982484
24077,13386340.71824614
26881,6988203.7268540375
29335,6947399.92695366
24079,8066430.198939823
24081,7487844.538172947
24084,8822193.73154546
26852,8560606.438128686
29073,9023316.65502357
24085,10124842.218404891
24086,11579783.271482984
28272,14538807.953298034
24087,11531100.956875253
24088,11583008.90469435
24089,17182297.206695095
24090,19137730.562039826
26344,24145416.06701375
26345,27206828.10026892
28423,23893926.958629996
29323,9004694.283412179
29324,8949542.135508029
29326,12065539.0629258
29327,12065539.0629258
29328,12065539.0629258
29333,9174692.878899701
29345,8949542.135508029
29347,11951525.940707183
29348,11886484.937437661
29351,11933990.625324182
29357,11844619.065445466
29358,11888607.50688405
29359,11840186.677499224
29360,11888607.50688405
29361,11838061.709715506
29362,11845407.602375777
29716,8947944.301221296
29717,11812243.419391
29724,11838089.081165802
29725,12065539.0629258
29726,11946894.488425532
30019,8947944.301221296
30020,11888607.50688405
30021,11886484.937437661
30038,11810544.236647706
30385,9174692.878899701
30391,11833533.646419415
30737,8204670.972332626
30738,10114873.426901862
30739,7825752.143729795
30745,9169432.144442264
31076,9642752.283209449
31077,20799587.282746572
31078,20587506.977679253
31492,11840186.677499224
31493,11886484.937437661
31494,11933990.625324182
31495,12151809.924283233
31522,11832907.437480815
32101,7717344.371264791
32113,9006088.841689812
32506,13086173.068327215
32515,12157408.252534386
32516,12151809.924283233
32544,12298962.549689298
32545,12065539.0629258
32546,11681349.337741666
32964,12550964.351654392
32971,11946894.488425532
24093,30063715.045864094
28088,31098027.064004987
32972,13460840.378263468
24096,5818989.295592119
24097,6056533.064602164
26348,6675436.501793681
24098,6306246.722498068
26252,10883337.31686846
28276,6398526.752967807
28426,6561365.4778896095
24099,5704511.779686135
24100,8402543.21915258
26346,7404001.925190269
26353,6231371.692959962
27827,6747182.168702213
24103,5760854.24623736
24104,9581279.390165119
24105,6709721.51663698
26354,6737378.600105143
26355,6721095.303122669
24106,6479058.134529071
26351,5422769.518613974
24108,6516278.389716085
24109,6290150.848363356
24111,6310384.0159727335
24112,5689280.945331261
24113,6494382.112302009
24115,6885095.886255582
24116,4756160.815621326
24124,6290865.642379495
24171,4782217.99438899
26391,6201477.476647512
33184,5999380.489349912
24117,5545712.894070939
26381,4192834.6775035183
26399,4091924.3462869027
29528,3671345.4890171103
30578,6582992.74525257
24118,4696524.863502835
26373,6125449.6784178885
24119,5937838.162883225
24158,4867054.445647713
26400,3992324.0561994878
26404,5313926.967240347
27809,7324315.989699468
32846,8181663.757319281
24120,5529613.41499751
24136,5827160.007323549
29533,4670982.499268351
30278,5827160.007323549
32376,3784385.6555090994
32848,5599013.023962392
24121,8816124.118139312
24137,6578546.770756121
24140,7519085.7807137715
26388,8503155.931509843
26408,8379046.676218407
28084,10166700.17593594
24122,25572261.11670171
24143,8982793.014412045
24149,15824241.260517808
24150,18343843.92016393
24154,15168928.07618396
24174,20163534.93703053
24177,18146921.82701664
28002,9771296.540834457
29047,15598596.109667594
30280,10280869.384324595
30282,18746832.410646487
31245,28513525.5737801
24123,4664174.408551576
24126,4697373.131958301
24127,4138794.8019652916
24130,6205358.393762739
24133,5500452.862868431
26379,7435330.159727074
26412,5856097.038104074
29085,5091598.285652701
31926,4813807.295133787
31927,5466523.145943718
32373,5254551.1361710355
32375,6160081.996953399
24125,20903033.803279333
29928,22252661.955677833
29960,23300089.95825248
24128,5821243.557743824
24132,7254750.862578047
24129,3653964.780945419
29527,3403051.10199865
24131,4950095.025571568
26372,7777571.121338518
30985,5503799.842891862
24134,6182489.1302385675
24155,5489900.9584396565
26709,5625672.857093376
32377,6212720.474889705
24135,4067181.0878844187
24138,6919630.273198214
24139,5964712.990257034
24141,6459258.113102672
32380,7139206.481690685
24142,6891839.678257996
24165,6199239.090320665
24169,7347332.479784229
30580,5365965.307723875
24144,7833248.850819744
26846,7026857.876105455
28511,5182705.00220164
30302,8030685.150554336
30978,4428436.532104995
30983,5116771.475692302
31943,7593286.062823634
32383,5273681.6824352415
33186,4791838.077008195
24145,6115474.868278153
28077,5778231.299721956
24146,8297605.414879274
24147,10079103.19736233
24148,6359897.316972055
24151,15588843.0042148
28492,8872552.816371733
24153,9176056.450463079
24175,7692760.977934674
26397,11246357.18470755
30982,9176056.450463079
24156,4865344.367253121
30986,4502636.850999681
32843,4778153.750602147
24157,6035835.71586359
24159,6080778.117995138
24172,7644939.266722203
26411,7589924.444567101
24160,5993725.276586056
24162,7607260.129736846
24163,6763674.556857299
24167,7138031.224050415
24168,7992112.015716847
26385,6965514.244671515
26409,9723076.904943172
26721,7925500.975149814
30979,7472545.554547035
32379,6215385.838091673
24161,5853352.820853572
28085,9024438.908165006
28858,10090608.021090927
30980,7987149.143959296
31334,12270385.271747382
24164,5225535.744041554
24166,9939937.44192143
24170,6953227.443108886
30276,4451500.529681502
33187,4540246.519023031
24173,6207933.206150556
26393,6519923.854857983
24176,13557827.282970935
26390,7335233.551000702
26413,8787635.913210344
28862,25024606.05279941
29534,7385031.757822161
30283,12091274.95906685
32850,7366256.45696934
24178,31772671.84172837
24180,21774655.244692083
24287,20980426.2741273
26454,21642795.41324697
26482,16584016.171607193
26487,22858839.94325275
26714,19388853.558785606
24179,28679297.49647488
24181,11923473.522577016
24182,14632200.514535926
24188,17012869.63029742
24194,23916100.132075433
24265,8049664.526432513
24279,16285250.649939938
24403,10179733.357075013
24430,9090090.954811381
24438,10456659.144738797
24442,9750854.65566949
26414,17724709.29105482
26415,22330731.450199842
26428,9919110.181444993
26431,10294217.087222863
26468,8345261.279463206
26533,13666305.411986765
26556,9678552.216803245
26558,10389343.816883793
26565,10161742.793596303
26712,15376560.302085122
27109,12864935.784332564
27141,23169072.390109997
27143,9624470.480230443
27651,10499872.564122863
27796,13731327.043556068
27797,10014882.031880517
27802,9537481.416574046
27804,11792659.171633057
27806,10958213.474772938
27898,28345953.59759295
27899,14090607.893716255
27981,13727819.18601435
27985,15625222.894057209
27996,12060302.956439357
27998,11965169.99090995
28081,25302417.321133442
28082,29366449.558732122
28083,13861295.324785465
28361,12816858.473616092
28482,23428159.462900326
28512,27837197.60439896
28551,16466021.247174976
28804,10466145.198274814
28816,13892512.803857455
29015,12990977.20140757
29070,28605553.778176755
29071,22524609.608119518
29122,10993521.82805579
29123,24393056.10372866
29595,25124913.3530312
29597,15586370.247517122
29846,22507502.675544407
29860,10571456.94951726
30224,14311677.959441548
30284,16622117.711865243
30583,15550629.275733477
30584,15716612.396749746
30594,11525239.471598525
30601,10640032.532284576
30965,20512295.040017247
30966,19959096.584521696
30967,22058754.18420569
30968,29326107.031514343
30969,23874295.797928642
30970,15367292.421930062
30971,43949958.534989685
30972,15850296.789015984
30998,13087429.357958918
31248,17667157.013273
31262,28110174.521307547
31274,10717567.729054159
31278,13859387.423218757
31931,15054234.807894072
32745,18349268.569063332
32747,21879647.8950942
32836,15614549.15771481
32852,8924877.868186504
32866,12290071.633930394
32868,10331529.7775389
33117,9526613.339411093
33126,8217713.513786428
33209,19166780.43510397
24183,4668896.0710941935
29099,5357836.043132309
30666,5150625.633522418
30949,11146589.865256919
30955,5323660.130690526
31010,6922711.018150541
31231,4545565.528145684
31234,7208599.234711777
31240,8367855.713630658
31242,11207703.75405402
31741,6904561.131652932
32367,9761399.835206445
32814,6877629.5318746725
32820,9521738.022210427
33149,10176442.593884919
33176,8524561.307082133
33183,10178244.225866087
24184,14563604.610007716
24193,14527015.302218035
24267,9152420.08987412
24269,9045647.05017154
24278,15346545.711618157
24281,14641774.040728215
24282,10653248.99041898
24283,14641774.040728215
24284,14527015.302218035
24286,15897713.833270341
24296,20871665.76269981
24435,8886807.260195574
26418,16495420.712914968
26422,9152420.08987412
26423,14641774.040728215
26424,20913877.40077016
26469,8930115.922772253
26470,9251254.242454028
26490,20913877.40077016
26549,8615109.82081183
26573,9785280.024823183
26729,15775066.202088641
27036,9614177.519131185
27791,15619647.27134505
27801,8536783.496403357
28365,15533240.35354598
28806,9705228.79151285
29586,15660659.713927198
30199,9462620.132863898
30203,15976598.472309409
31249,12017641.217698114
31829,15738572.320686629
33204,16213831.360245435
24185,15666930.256607436
24186,11969257.002326176
24187,12209024.453234475
24264,9057251.88623878
24277,11612961.056737652
24422,9161281.314827107
24425,9202285.394335506
24433,8566642.810302617
26419,15394067.01211395
26471,9150555.517010828
27783,9165574.787292685
27800,9150555.517010828
28807,11958013.71682885
28818,15430883.326085094
29142,9040042.250311637
29143,12071793.41917534
30191,12098317.956563791
30200,12325160.313923126
30225,15315144.053620672
30917,9270408.726022536
31250,8990785.065751351
31802,11898453.680699084
31808,9009131.551634353
31809,9165574.787292685
31811,12325160.313923126
32324,12155678.543211794
32839,8692030.694736332
33201,8648472.162712378
33203,15045490.784791086
33212,11402962.222801153
33219,9089580.944239108
24189,16169221.131967587
24190,7971111.308771157
24191,10206013.044783615
24192,10238595.336139318
24266,7971111.308771157
24285,14161567.00900383
26416,7838215.973747776
26417,10206013.044783615
26476,10206013.044783615
26477,11520315.167362206
24195,44045015.30350249
24199,44340364.38733165
24321,25293852.350085095
24348,28771478.179578044
24367,41615595.00298499
24374,56092204.90013499
24375,58444414.62061939
24389,66071735.43616609
26425,59597372.370861925
26448,40897612.20137914
26509,29652137.151803467
28360,82616855.43777414
28485,52666952.96844122
28813,38054328.35116017
29137,48099282.86931709
29152,49786123.31352836
29575,35720456.17373737
29577,115999173.99827693
29580,36583383.25147698
29591,39467578.767227516
30211,51871920.863283515
31309,53409241.46605692
31973,34313816.12213699
31978,36247392.46889383
32737,28235358.849570576
33141,54054018.78562585
33193,59597372.370861925
24196,19356122.897118922
24228,23502671.94137866
24280,8410339.390383294
24293,9239575.29357533
24298,11177772.233625643
24299,15446385.301639365
24300,15308212.981855957
24301,13400358.44994308
24304,16337954.153880754
24305,21109080.41176492
24307,15211895.934112836
24309,9843578.874767395
24310,19200045.924388487
24328,21242401.648985095
24392,17709932.08008803
24398,29189927.789127696
26484,12178065.746800043
26488,12274316.853964202
26489,10522776.689468902
26498,13113169.360191107
26530,17121386.45831054
26540,10711472.390193611
27034,12182613.181709893
27142,16530805.176396642
27792,15664421.841962542
28480,10124225.00954347
28483,17813939.698656894
29009,18993100.030143626
29125,17569426.689366303
29136,18692917.39898563
29154,16450065.777047502
29587,10647193.711577773
29598,32033768.10147277
29856,17966065.81883869
30530,22228927.267498218
30622,37181212.352005206
31208,16117897.977146432
31816,21109080.41176492
31821,35885541.687251724
31823,26932399.194279395
32331,9939965.919830792
32754,19419707.10403044
33200,18994696.669000283
24197,30638508.497079078
24198,38778558.926473774
24202,28055581.337048184
24212,46732778.66144967
24220,33822407.39050651
24238,44520484.11324104
24248,28033277.157969937
24251,33675813.27877773
24259,40367730.76005666
24341,32386053.727572687
24364,32167215.369866315
24366,32414096.960785955
24372,42393412.24980571
24373,42393412.24980571
24379,43064632.077118695
24387,42310310.21866385
24400,96665750.80869153
26420,22715136.283386596
26445,51762846.07175326
26449,38268141.02073207
26513,32386053.727572687
26517,18465229.74546296
26524,46396973.06558161
26531,47449149.093128495
26876,41873183.82217894
26878,32559216.52487353
27035,45660412.97457669
27139,29815612.041220557
27144,50424595.95658149
27148,36925027.31346252
28105,61191166.67396928
28110,31100841.14604405
28111,42353171.94513503
29124,30370731.650894284
29127,52695207.136920206
29128,46449170.94468659
29129,32650663.467070766
29130,45402209.30471185
29132,38311193.46474599
29133,45969688.42289351
29134,59389540.90516812
29140,64654919.303232335
29141,77993567.1247778
29151,52239932.94601266
29161,40089668.52072081
29574,33732956.24376916
29581,40367730.76005666
29582,81457506.07177562
29583,69137498.40384421
29599,55005739.325571984
30187,69663852.44208373
30228,35421411.81301283
31806,56241193.64289856
31819,42147370.52679942
32758,38159676.743517265
24200,24356727.71687163
24217,28721488.98366372
24329,22386951.43726292
24370,33199305.77900761
27988,8876490.072839905
29579,13086426.598603249
31814,13883414.097991422
32746,13875241.073168188
24201,40049397.54497258
24206,22678878.10691392
24210,29026642.19767718
24318,24408564.44074884
24319,31889061.629193995
24323,20109169.06040913
24336,33634036.893342026
24369,66100978.807595566
24393,22969243.092887446
24411,25908567.938086048
26432,25718752.782784138
26433,27771864.552946694
26436,71304845.18966709
26438,81368539.81455585
26440,17609781.10839366
26464,67654272.1191031
26493,27150541.733814806
26501,39364971.482955836
26505,35702454.43741882
26510,32802694.76540739
26512,32088342.843265798
26516,60526734.45753784
29594,16370367.206429865
31202,39595366.69056847
31966,29026642.19767718
32321,39595366.69056847
32336,52592932.62281191
32738,49635984.65019935
32756,40130418.96859053
33139,32051485.54975023
24203,65494343.226588845
24237,46016236.71818317
30927,25137115.413448576
24204,41440492.5633204
24224,35944724.14757152
24246,41663191.59150862
28540,40029045.0032983
29131,40397832.021917164
29571,32922010.658567533
29572,60984896.76574071
24205,44394126.5719968
24213,63317590.86504883
24232,38722407.769774824
24233,90417721.72771125
24250,29983150.05691283
24254,48774521.537987
24255,36860365.84457483
24325,26931155.988842126
24326,29350977.68860149
24359,38252719.95528486
24380,51234343.13420239
24383,77326818.94802584
24399,35302612.07703507
26427,25750261.184325766
26465,80833268.73201884
26518,36860365.84457483
26527,75458211.34668495
29079,19117980.0755008
29865,47310792.53205829
30188,100289930.30736938
30193,56017263.701235496
30928,46596676.14546187
31284,75219595.61876795
31825,60162168.10821415
32869,44394126.5719968
24207,48917320.9561355
24231,57053984.596669
24258,61779299.45877466
24356,45518033.49897655
24357,45518033.49897655
24381,84655817.95662439
26430,47692835.13573904
29010,19857661.572055124
30186,135092522.97449577
30219,123313604.3311438
30229,50725288.05232425
30523,46709838.5253614
30539,116681496.53193985
30540,111165069.79056834
31214,95288266.48924677
32322,43229509.27640948
32763,112099998.50805724
24208,42187970.66159998
24351,50383544.73557989
24209,25911624.451254163
24437,14541493.241255546
27637,25911624.451254163
30989,21505557.888534293
32332,20110497.47328335
24211,97687707.70312037
24354,88884200.2539578
24368,54392056.676609375
24376,73300858.51765698
24412,96117732.93741341
26446,102762342.06685536
26523,72967983.8111756
29871,127698388.68104932
30538,80596378.41459501
31205,97312663.64606977
31798,99115022.94101328
31799,69905547.9068739
31981,41117939.22727087
32757,90016383.4314796
33142,92933780.98889862
24214,8340640.488667351
31800,7832600.734765977
32390,8340640.488667351
24215,22812572.972464006
24216,12646754.414071426
24218,50517262.81571921
24225,50220198.547247015
24324,47113381.635867305
26434,41513663.6434732
29148,56404820.5794416
30925,30268604.730990402
24219,57399813.86935663
26496,29413048.826686207
29576,46284063.15067646
24221,104621843.22153516
24253,54049385.33838516
24260,124896086.35551019
24339,42104359.743829206
24362,59178820.63849898
24386,98574540.73820038
26459,35341666.760683574
26467,132275200.86256155
26525,49049417.33494618
26528,99252626.22770263
26529,87435187.42524348
27660,113849708.70041993
30195,45742387.5709507
30223,87634184.44929115
30532,35341666.760683574
30533,27797188.316125307
30536,44062008.62017405
30543,132153757.3914206
31827,86734144.92926934
32384,91766058.60327399
33124,116088955.23939972
24222,19635537.323299862
26429,23226768.92179393
24223,26373814.646849114
29573,27691124.29949522
24226,62959289.91853722
24378,68329328.18080942
24382,55837469.0240108
24384,46746125.115299635
26447,80898081.35748598
26519,29627618.35510609
28556,54960388.37007985
30194,39183123.809044
31936,42138568.71941845
32387,80898081.35748598
32762,60962398.778163865
24227,76751688.93840645
24230,38957319.88314153
24346,68869670.91767319
24365,69605121.4251511
26435,59747714.37559945
26458,53889240.61890297
26508,48046286.145884655
30520,46888112.69762685
24229,17572266.314013503
24236,25536243.41567059
24247,24617026.328272253
24317,18198666.509884346
24360,30943792.04019757
24361,30943792.04019757
26443,22650969.858549092
30541,42241837.37828311
31817,20543931.445683453
31826,42241837.37828311
24234,51443649.52689322
26466,147399105.88201398
30222,121746428.11123854
33123,147399105.88201398
24235,10017288.776924295
26720,9140517.542094534
31801,12113484.993147338
24239,11865457.215823427
24240,13254370.875753123
28152,12181634.35347338
24241,19493521.928849865
27625,16653883.103709523
27626,15553823.846342294
27627,14282428.678920038
24242,23263621.378789674
29144,19943556.480239023
24243,16104369.796492402
24244,30862363.49996041
24261,11000762.532899398
24290,22819459.098897018
26453,21293567.542186424
26474,11854738.972207941
30588,9884874.66864041
30987,11225690.063387752
31945,9884874.66864041
32748,22093060.175400518
32749,34933906.46989428
33128,12283097.06563111
33133,17106343.44180082
24245,49204033.8301448
24263,16444242.638154762
26506,32073791.412609607
26566,17544631.61947393
30924,32073791.412609607
24249,31775395.262649205
24313,23391006.97581025
24314,25422944.69963376
24334,31980687.3146244
24338,28555292.03066687
26485,16173838.601925032
24252,52487367.88019774
24257,64122222.103704594
24340,32725835.12371949
24344,32921260.074386172
24349,32387829.6639759
26462,54873343.880177744
26463,53600631.360494554
31272,29483600.743400972
32334,65154598.35202388
24256,97108126.34219708
24352,31547459.675630704
28211,95091654.57122622
30216,97614581.94904563
31317,39513997.019459665
24262,7056200.110271943
30545,12390668.08814804
24268,10168878.376861224
24270,12536986.27186095
24271,13497655.218965655
29163,8724065.890303342
24272,9792677.948091622
24273,12588740.126133982
24274,13716583.854798524
24275,10720276.60169198
24343,33638455.96017177
24347,34280797.67864469
24371,49165797.3665455
24377,57254281.85704736
26455,21265610.04056709
26456,31811601.19559127
26478,11716753.274131395
26479,9500756.335422775
26486,18492970.102005247
26491,17255028.23680642
26492,21971048.165310867
26522,56544250.01803752
27108,17880874.74768764
27784,10762577.3763636
27785,15375354.551945915
27786,20382861.078681987
27787,22190856.64314548
27788,26827207.5389987
27794,40013448.166749485
27980,41475422.86328237
27982,16638677.249221634
27983,21483688.34689858
28364,9733639.850388853
28367,30316040.288862035
28481,29663491.135709547
28809,19094719.445212785
28810,15141569.87423493
28811,21996090.005035184
28814,45523793.36768828
28819,10694426.994591681
29013,16849837.79076214
29569,16700922.723305367
29588,24320687.762489505
29869,9475997.883546209
30227,11429271.291170627
30525,9779821.17914589
30528,24240857.89597489
30973,20430245.36849498
31206,18492970.102005247
31207,18075379.76612485
31209,25635653.147062153
31213,56544250.01803752
32330,11187415.743608857
32335,42024865.87916086
32857,10324057.784079986
33211,20311725.849213038
24276,14890219.249270132
29008,25050280.620687366
29602,8548588.98838248
24288,18843415.55580994
26481,13962589.582684863
24289,16625326.441301886
24306,18690427.515436884
24311,20777622.18065389
24312,29426637.27427133
24315,25667548.1946365
24337,23702555.12297624
26495,28734860.021314148
26502,30122618.10060688
30206,23292796.334981266
30292,32138845.213353507
31211,22722361.551940594
31813,17138802.65106668
24291,16189901.998055544
24292,19798738.48734473
24332,21683351.81273016
30527,12205734.795574725
30529,24254591.019170966
24294,26994119.322167233
32730,28622080.850553125
24295,15645552.857318603
26483,8991791.27387303
26494,12324149.702052152
24297,25853439.38932277
24390,20960006.490092188
26504,35018244.40710461
30921,29578933.938801397
32735,27431200.72667881
32736,24546722.322790314
24302,30600346.64348714
24316,36042113.89513397
24303,32193103.74176936
32326,30517960.968567893
24308,26552492.992248543
26497,26187561.023414306
26499,20705287.576529186
27649,101898215.90627262
30192,67218124.18701392
30535,69356877.69846451
30537,65871746.05043455
31212,45421357.98595824
33121,29406891.487298537
24320,30282720.144508205
29139,25153331.24164912
32753,51904776.58927664
24322,18780925.412377633
24327,24525250.09363014
24342,24698816.401529297
31824,37622668.68822874
33137,27424946.277740248
24330,27642925.72560608
32750,18709792.299073596
33134,14240806.062865306
33135,13506827.90807074
33138,26588932.685075864
24331,35542176.90665639
26441,23630664.773808494
26457,37246269.12442254
26507,26746882.545261998
29145,39422568.21901084
29146,29972532.829617035
29150,25788344.745630205
29589,32042087.07027337
30204,24065540.29696671
30531,34129499.326410316
31210,23630664.773808494
31797,34129499.326410316
31818,22445493.047766913
32726,22914067.991588376
32751,29972532.829617035
33136,21353603.850940324
24333,39791883.73946931
26537,55117332.118541114
31820,69376285.95792872
32731,48933856.14763301
24335,26076045.206526026
24345,30862750.026318967
26514,30862750.026318967
33122,37318475.024987966
33140,43145022.28131104
24350,31245506.115754254
27984,40300582.27985828
31796,50321242.36407752
24353,29550498.580291945
24388,18267856.516747974
24355,28027865.25211555
24358,56322588.031980105
24397,50523730.12558252
26460,54210169.329120666
26461,51205501.60422752
27101,64079250.88763354
27110,40179752.109908655
29149,59206491.75304283
30210,47957987.27940746
30212,55206731.47064984
30213,55502342.48813857
30214,56925989.390759304
24363,35722365.99341567
24385,198372698.91053143
32739,198372698.91053143
24391,12304062.043383697
24394,12257810.29967951
24413,5256737.728999224
24414,5301989.5152103435
24415,7368704.860768893
24416,7616407.432373248
24417,7442844.169857462
24426,9574451.768179074
24427,9558841.34540822
24428,9850300.897763815
24436,10929986.310765862
24444,11600368.57145006
24445,11461229.177661685
26541,5442299.79971552
26543,7166275.345009149
26550,9829836.450101886
26553,9927009.454559559
26561,10365663.78017413
26570,12393822.26607259
27798,12003589.575103033
27986,9983201.786739945
27992,5432795.391052796
27993,7567897.6273834985
27994,9660691.704013648
28363,11608770.314460475
28384,9621591.993403628
29019,9705162.302160714
29020,11857267.98173392
29155,11569458.574722555
29596,12307046.498092687
24395,14901128.442711687
24418,10669114.43250373
24441,13924498.520605536
26539,21916053.381069444
26555,11442271.18309056
26559,13541599.305438472
26562,12809091.718448827
26567,12926615.646674577
27803,12269121.548432529
27989,20664077.665997423
27990,19555738.48272091
27995,14223374.643601915
28119,25146240.890930925
29157,11289487.541546775
29159,17343473.166264113
30547,21758278.763420533
31810,17017902.69127279
32835,15294408.53229598
33218,22479294.260168068
24396,29501366.501125228
26444,25724004.78859957
26503,19926470.771277606
26515,32596210.61577665
26536,24980001.47343871
28368,26297362.93262949
29126,25332689.867411613
30217,39991616.518701956
30929,87039208.16652176
31216,38538646.79467422
32755,32397703.39432895
32759,78492278.55642365
24401,12748987.809597706
28563,16329610.128028452
29080,10992228.35027818
24402,8696120.81346006
28822,11758878.718992397
24404,10197211.543537946
24405,15043188.200701628
26452,15882415.541672993
33131,17589083.803640552
24406,12896410.272883803
24407,13885415.223173361
24408,18746811.564999983
26544,10730466.789198374
26551,12484671.489853129
26563,14372050.479587132
26564,13715224.842350116
26572,15531726.665520849
27795,22617795.33799385
27805,20745683.921425786
27987,14936138.511370631
27991,29448875.64110748
28118,22177084.38179134
28484,22904339.637196004
29160,28681240.45185461
24409,13513750.54080196
24410,36192962.05091065
24419,8629045.602710329
26545,6546432.036753345
24420,10556609.636481421
24421,10354773.248857172
26451,11256676.317252759
28357,8180137.13242455
29600,7252165.972674746
30296,11561935.044670174
24423,12710024.867947528
24424,11576040.576528901
24429,10564108.05342234
26557,10672263.440690665
26568,11754820.125223914
27140,17174281.846201632
28000,13604369.759792525
28113,20856360.950753927
30544,21122141.193968076
24431,11972754.993783215
24432,10639969.608039273
24434,11481347.376810884
28112,12477843.955899797
33118,12329709.056388598
24439,10665127.736559091
30242,9031085.223585386
24440,9681457.112323884
24443,11704461.088809978
24446,11867877.704751795
24447,24393480.569246396
24449,25782384.573470857
24461,25825520.693889305
24469,19079429.866456777
24472,60608114.98907855
24530,23232164.633406196
24582,17516229.909960035
24603,17783105.764095772
24617,26434192.02116196
24635,31130519.761064224
24641,43356953.87396994
24666,60664187.80731083
25789,36822392.4996536
26578,10263284.2406809
26579,21183969.85073981
26580,24814737.907468546
26581,19791543.3014224
26588,13855837.127815144
26589,14065602.36270869
26590,18240724.623233963
26601,29469821.37649887
26624,16267206.219427709
26630,54871523.95697639
26666,25483455.448106736
26710,29577885.69847218
29793,19159055.261505436
31287,13899549.854711441
31401,15717457.316230653
32057,9844153.11251201
24451,37302189.237913825
27976,48878343.597051434
24452,8720647.210641365
26473,10185956.002144398
24453,14432876.427608382
24454,11055977.234396005
24455,21846535.280685488
24473,10690998.79301858
24494,11549087.260427952
24512,22606420.068563133
24556,18296743.514655285
24557,18539115.35232427
24566,14699221.052003207
24570,15548923.464380238
24573,15202258.70258855
24574,15012259.58111573
24577,22770445.003027067
24578,16026036.713328982
24585,17339645.089720882
24586,16026036.713328982
24588,14122358.183443055
24708,11804998.598852094
24713,10799357.201453395
26582,13053919.276987432
26594,14258542.140685663
26599,11847118.843512293
26643,8742166.648479776
26644,12640647.320582373
26650,16991798.818961978
26654,16402919.74793494
26659,16851936.04866126
26660,16967817.970005665
26663,22770445.003027067
26744,21078968.43588914
26745,13260924.555037592
27771,15205175.040635552
27777,19254949.640224796
27778,13303078.673553603
27779,13049903.267361557
28214,21882719.168639068
28237,18768482.147161435
28239,12560568.779346285
28510,12809335.102866579
28575,13437206.556601463
28618,16833492.734290242
28879,11989902.114378473
28884,13039385.702248247
28886,20984949.094797455
29424,38096039.21041283
29425,11574305.464244321
29427,10932177.589435747
29438,17794736.71195965
29455,10071795.325685838
29457,11256359.11510209
29458,12252167.611503867
29463,16748578.672889482
29464,12082051.053074002
29467,18033884.548719402
29468,20752190.516115718
29471,15085986.668527544
29475,26986433.64852196
29481,31265293.58750211
29483,27777902.996717684
29487,48688437.516606085
29488,48706067.836084925
29490,42957475.09799063
29501,64808143.60699242
29765,16451286.948967902
29766,23785034.194876276
29767,15444199.27400677
29781,11168522.752718914
29782,12403197.196542116
29783,12194699.94384209
29784,14277689.432387704
29786,14621585.385250865
29787,17164585.400216945
29788,18041608.80811645
29789,19404298.324138332
29790,21589059.328172427
29791,18465684.022503186
29794,17115525.770502552
29800,17426342.631018966
29805,33706385.88005004
29814,54569986.8815461
29870,18249530.95004941
29930,13696550.266538313
29945,12592073.122788455
30287,12769372.395096796
30350,13249052.548861766
30614,12039959.182072343
30626,11444101.229292626
30675,12640647.320582373
30676,13906301.06688528
30678,14134878.708021289
30680,16297448.505499076
30993,11577246.54091757
31047,12884568.277637215
31303,14352783.222582579
31396,10925122.68817463
31398,15053330.467392523
31400,16778375.71974126
32853,14902742.868838219
32862,17247111.222786862
32916,12632169.412788663
24456,11122361.707277214
24457,12559145.890566673
24458,16960704.034481518
24554,10694397.281595027
24559,14961909.84537199
24592,14912424.246745368
24720,14912424.246745368
26574,12017829.441266228
26575,20793135.855528057
26576,14912424.246745368
26730,14604073.742482007
26784,14961909.84537199
27885,14912424.246745368
28554,10694397.281595027
28557,14961909.84537199
28656,14961909.84537199
29459,14604073.742482007
24460,34921757.29109515
24608,23030591.024001434
26577,24690360.64342566
26600,23409243.698098652
26608,41285663.596597396
27975,37029642.614620596
29462,12821522.915562294
29496,36214971.35406694
29796,22081282.65715689
29803,30637736.383816153
29948,11147306.018143969
31258,28516560.63363052
32910,21473393.178023536
24463,51866132.64909529
28517,51866132.64909529
24464,137593172.73383608
24471,140773256.19866976
24667,118481995.33668941
26719,109397539.06639896
29773,153842332.53307143
31283,89188659.14025308
24466,60133217.97756097
24467,81265710.62152372
24477,40356534.170953
24478,53248909.7435727
24492,83847356.04803783
24504,54262450.800000235
24511,32698303.510753274
24515,43883321.54567662
24625,45063614.596951604
24657,71173760.69040394
24676,69463092.81106873
24686,95090586.884501
27903,55098197.74044453
28881,57257268.42291764
29768,71591943.16613077
30298,57918203.47149738
32036,62592124.4301403
32870,56499262.781158336
24479,31007606.794997424
24546,68786227.20733961
29497,63365327.27926646
30346,77605185.14984338
24480,10880253.517326292
24632,11064582.335326526
26606,25338890.6436058
27773,11551571.63148811
27900,10786806.79056557
30605,9976334.99981114
30999,9976334.99981114
32447,7231774.578486217
32917,8993269.769069461
24481,21739250.57146075
24575,12889033.628669744
24576,16158487.528704293
24584,15178296.329391941
24595,16790920.44224576
24597,12032004.345904246
24598,12105996.56206113
24661,21883081.820718225
26603,21883081.820718225
26733,12032004.345904246
26879,16633923.150183724
27772,16790920.44224576
27886,21739250.57146075
29469,12032004.345904246
29472,12105996.56206113
29792,12105996.56206113
29954,12032004.345904246
30338,16790920.44224576
30686,13138144.261624338
24482,44560131.143109865
24633,30211622.274602614
24642,15722840.078030901
24660,31539039.893251523
24663,30294701.0240749
24672,45615532.30785091
24681,17927263.6453588
26598,44041169.971431725
26635,50259778.25518926
26694,19975817.092726476
26722,43426752.657287344
26743,26978167.441056293
27782,34588271.70183838
27978,43437393.835285455
28218,45117350.34070862
28238,22833979.51150946
28880,31143453.40648501
29442,39506445.25398422
29502,24623829.148617122
29816,31913270.15264506
29867,42612089.771731935
29872,62003914.99564814
30285,44041169.971431725
30304,36585447.082498655
30308,27924701.79810737
30619,39324084.26276862
31389,34649356.36775363
31390,39324084.26276862
32920,39324084.26276862
33213,20615480.11709289
33214,47709675.37487268
33215,47389747.02368014
24483,50292595.8282191
24485,50508557.99881452
24509,43760368.12612202
24518,36686707.97458333
24539,76446421.67407279
24540,51546431.26830003
24544,55601709.43372681
24545,74634135.35187232
24548,76446421.67407279
24670,50654538.82274645
26632,48923841.44179331
26633,44632124.20629106
27646,44788896.32124442
31302,57093196.66409681
31380,47873969.57016593
32048,51503004.982739404
32385,61371750.73683216
32873,43746540.11483031
32919,48933016.65112343
33194,45978858.6104126
24484,41392629.09277002
24519,44978931.88845548
24690,28384692.344472725
26735,47530103.08156094
28403,38385545.30999998
24486,18441644.622587945
24522,15575552.085293004
30349,15957142.933038916
24488,48336447.29775566
31370,38247028.4403669
24489,51155771.71184301
24692,87487593.5459091
26687,52603736.97030286
30301,53935359.38073833
24490,54222906.467111774
24493,76026611.58027476
26727,62191041.52730328
28513,65999513.82994516
24495,50091036.09442329
24496,42178931.499782465
24529,20066673.543983437
24674,36188355.92393221
24696,85899823.33619508
26604,82903052.8458954
26629,41934461.77683959
26637,89303891.96702367
26740,94187731.49566393
28515,37827496.53190809
28617,46539583.83516326
29868,76542384.76973598
29929,61604523.2903059
30585,86852374.5230678
31009,77344527.04809348
31305,115391318.57871109
24497,65379692.88140717
24536,28233507.490285397
24543,109812724.56360759
24602,36525989.05103936
26634,49087686.82765639
26726,108012875.36351526
27902,77664786.26363
24499,68578374.87975362
27654,62043708.027188025
29936,67231983.03348169
24500,30699946.064309593
24508,38918917.34971307
24590,15352232.6221269
24650,23708945.307769097
24671,26584863.504069876
26674,25782502.316181373
29937,49778439.70865777
31044,27856718.123907465
31299,23662161.875057187
31381,30227699.842165276
24501,213831493.65195793
24547,212991676.37730953
24637,41654557.257497445
24656,75164306.26440156
26597,95480248.68736626
26614,55384221.833801135
26616,76491979.32030049
26617,61575822.052387156
26690,80095051.8154062
26691,68140389.68379244
26746,77208656.6291902
26749,41973313.56292633
29494,52404570.275005676
29859,99226820.25662994
30664,74485538.21227746
31379,114364771.23527527
31386,51353780.352205135
24502,25343910.645458408
24550,11546310.64537229
24553,12728443.642419675
24569,20445407.68062423
24718,22735372.03685424
26648,21002049.128300842
26652,26705715.508778296
26655,25769335.569278277
26656,26275226.747248538
26658,27481686.527448174
26661,26030911.338930238
26718,24583797.296094153
26782,21963744.921840083
27638,21381281.23382746
28102,22913655.955011573
28207,23319902.648902386
28401,21628007.302566953
28552,21951236.608136583
28885,24253961.679561235
29072,34851030.50535548
29943,11309017.929341123
29944,19890739.89551346
29946,15534564.95110955
30348,13508052.891846882
30351,20561951.280218698
30353,32410872.076584365
30586,22733019.11059552
30674,16805667.355066396
30679,28674540.122599408
30681,25938674.856412876
31046,20583467.326123275
31051,22386028.88388414
31373,22990281.07443994
31382,13814826.282496642
32038,12434325.457375523
32039,20071106.120052014
32042,18653622.377486195
32043,30899676.69949536
32055,23323882.66878963
32445,29676339.104109254
32446,28343350.418625336
24503,54706849.52559461
24505,36974078.22692987
26711,36011573.59346694
27659,51471358.168768995
28217,31228218.409978185
28219,51288124.696710266
28224,74147144.20566425
28399,46638930.400807895
28621,58340019.81632614
29852,45962036.28409086
29866,26982103.183588613
30591,22648096.03603512
30618,41000121.08037648
31002,45319027.60024801
31962,42700622.4243484
32049,61887952.819574766
24506,64305744.87407681
24668,76171670.85926667
24669,86612926.46736492
26587,56612646.77212887
26686,43854628.20717671
27653,45002801.38386702
27774,54366642.281628065
28213,58008187.17391572
29775,54059749.717949726
29812,57939315.518537246
32031,40677494.71439811
32037,88015472.07921328
24510,187753878.06933543
24520,138526116.21371228
30344,120640959.39726262
24513,86048185.25822894
24527,29799792.008289732
26662,35109058.82510593
29473,39968150.52766328
29953,34324563.951875836
31384,29160461.522729117
32045,36314836.87547301
32911,68894815.5202074
24514,18505005.47312126
24516,77990224.06106482
26628,52222671.12081416
29498,48773409.22431615
31948,59991808.48151213
24517,51077406.32250279
24655,45739593.045839444
27645,46587649.3571865
24521,240287054.85500318
24701,233266034.10793504
26741,178019145.86566785
27663,185025485.46048853
27770,139385351.06536704
28241,144151265.32055935
29940,150741010.72636122
29942,160939915.6744536
32033,117279486.21695593
24523,23887526.861209784
24524,20018985.220931653
24525,19698016.70805428
24526,17590783.72143468
31383,20741389.820633896
24531,29397346.853824154
24532,19580702.56383964
24533,28063059.341271628
26747,24377685.91062998
30293,31111033.47267413
24534,22625620.89971172
26623,15162304.345903665
26631,27484339.64097616
24535,48518037.68765419
24537,26287940.17124054
24662,24311171.888623342
24673,42940791.39251043
32444,25031732.99573523
24538,43767176.90063777
26636,45592972.84873883
32863,40909757.822650336
32864,65624661.23400374
32871,48086287.61372585
24541,66601929.55107854
24691,116000464.93345404
26724,90220578.30290873
26725,86991242.6177663
30343,64823857.952299096
30599,152894715.74033487
32441,99959654.86716063
24542,27010608.116139576
24685,29707103.47911668
24707,28207249.87915155
24549,15265015.802604329
29448,16706853.666682094
29449,11176583.15968374
29450,14491430.763741875
29779,18287882.55475494
30672,19195984.87959232
30673,19195984.87959232
31392,18013535.738002937
31393,9978687.643693438
32050,11275706.660199637
32051,9518126.2865493
32453,15614586.001417989
32454,15445233.691001447
32455,8681860.034814214
32456,24037692.06706998
32922,9518126.2865493
24551,8527232.32364086
24552,12376129.801306406
24555,13977054.834329978
29947,12252399.164409216
31050,14150267.493981494
24558,13955545.063172808
24560,10794315.287210086
24561,15556266.3797775
24562,23103931.19488061
28615,24855969.091279577
24567,22909564.599792026
24571,27087938.78460099
29949,24582163.250709508
24572,29809596.89532082
31374,24019302.668430347
24580,27938049.111139223
26680,43905222.76203533
24581,23134524.474443246
24583,24406440.910716064
24587,25192372.530966442
26647,13462844.485716308
30593,18328583.169257637
30668,26081113.779186662
24589,28660402.36254407
24591,27620649.543074
24594,14425046.131345289
24596,29305059.57773435
26626,53814436.554491386
29491,55696011.58529228
30670,53814436.554491386
31980,46485876.19348755
32443,57880047.934490114
24600,31064062.892884247
26591,51815511.70127943
29933,49695153.19584823
30341,49695153.19584823
31377,57286546.26321501
24601,18772434.861607075
24606,60347610.074171096
26676,88850847.71419314
31052,36419559.20331543
24607,20107288.185043216
29477,20377060.88519026
30357,20377060.88519026
24610,20599378.88322348
24611,15828474.33621983
24647,22301692.770857997
26584,24718689.12895751
29486,13330230.021030053
33216,16209928.058427809
24613,33598887.76138814
30685,31350117.117851418
24614,41748317.734471895
24616,39945111.20754998
24618,40370568.07661109
24619,78441086.32694495
32442,51920109.47348093
24622,30188436.708224688
24624,45404011.82650678
24626,72251059.63801621
24628,80053357.77219324
24629,90396971.21819194
24665,124394249.54163893
26627,96893486.99235223
26679,74755790.82776527
26685,87915936.26100418
26689,79658359.58010466
31368,81054177.90286082
32914,144656290.735264
24627,37413557.01854669
24630,20097993.464098018
24640,27108884.862661313
24643,25301904.81427847
24654,33991195.78597066
24644,41493763.20999827
24646,43561780.04406968
24651,54041007.6687462
29851,95820264.87919512
24652,112543942.58868632
24653,35547222.261158794
29500,47925300.48806609
29848,25427556.579103794
24659,72207221.71215564
24675,63389665.54992334
30305,98281486.98340565
24677,98515488.69874546
26612,43854856.07123235
29938,145900594.0131176
30342,62440174.66836069
30667,98277836.88513958
31042,42556156.81162627
24678,33792756.436424635
24679,31407450.284140855
24680,33627279.59980769
29873,39433406.50015018
30345,42616372.53250762
31976,39433406.50015018
24682,58008509.683372535
24688,142372716.19333076
24689,16615039.55238761
24694,12481185.858531127
24702,40841897.48040209
26739,21201419.44871061
24693,40296296.93925785
24695,63520853.233684205
32388,93004464.18672682
24697,9878800.662158592
24698,46416314.93993332
26593,54897523.234851725
24699,76036866.18963683
26618,55972461.38277198
26738,61559290.51804891
30339,109731684.92277628
24700,100987253.7586993
27977,101543012.90942995
24703,64868156.525360554
24704,37482145.97245792
27775,36724147.62724538
31399,17910864.917904742
24705,52183991.84077505
24706,13990842.660614219
24709,72330313.4516228
24712,143017938.37592843
27776,49920677.76859733
27781,29429313.266473655
28400,101844868.22631542
28402,75571865.77493188
28622,77283132.34408097
28883,33269621.38809827
24711,77080017.12739067
24714,15496201.138216298
24715,13719321.607594475
24716,26423927.799891297
26785,15335100.267140944
27780,26423927.799891297
27979,16278127.535528325
28240,15999375.029066183
24717,22031989.840199515
24719,14819717.157164808
29802,26886260.67945537
24721,7677391.202888833
24722,9452882.668477697
24888,7764335.932039885
24929,7388441.322737668
26703,7435808.275139486
28946,9778217.908264088
24723,9156294.405663475
24904,9122756.471492836
26844,7496891.29584566
26896,8443641.13404573
26933,8521731.304523326
24724,7726131.381926175
24785,12069728.793875773
30056,10797774.678370675
30784,12069728.793875773
24726,8704703.351936782
24727,11916734.196526146
26800,10056999.899474777
26963,10141122.601297934
29696,9982082.712151468
30788,13360608.224881371
32150,9982082.712151468
24728,14539166.56569854
24747,20909342.191212397
24774,8938283.35753968
24784,12246779.607310796
24789,16001231.050478172
26750,12678886.60623238
26751,8521904.727045923
26768,20334309.750788886
26793,8004645.062969166
26805,11848533.825576115
26807,16405989.98203033
27956,8326674.367695077
28280,16204105.701324966
28508,9101484.078202875
28516,8194029.1373243
28688,8233792.266239538
28689,9347331.992754476
28690,12506603.744706905
28692,16153495.745329184
29289,8223550.317643002
29291,22472328.544791713
29690,12246779.607310796
30048,15916766.643863415
24729,14195803.866296973
24734,6420923.7316918885
24736,6977489.132323589
24738,7327566.581560627
24743,9629425.483342633
24744,9742569.722865548
24745,9608979.447524453
24750,19394906.71963291
24755,10320075.643027501
24787,11764269.004447179
24788,10272232.182855966
26756,6878465.658591598
26757,6985871.099097302
26763,8342868.674570155
26770,14587674.832332512
26799,6950125.547633938
26806,10164081.032035751
26905,6429690.5199060105
27665,9818829.723012434
27739,10078339.542891758
27954,7067221.005013768
27959,9714167.047054961
28068,10248973.608705014
28505,7527391.616742332
28937,9315818.696266552
29301,9585498.409728218
29302,9514623.73238603
30041,6815462.708602933
30047,6355169.783077816
30774,6890402.298456433
30777,10095750.470793335
31097,9570851.969266983
31554,10571848.062434314
24730,24930597.197879758
24753,40351533.60312937
24795,48199416.14613233
24809,26949522.485079788
31109,27119472.72491349
24732,9318281.94722373
24733,7566840.486565753
24881,7127636.222596945
24884,7329467.8688755715
26792,7459522.3281693645
26901,7224622.663240923
29312,7062646.617780817
30061,5652027.387326961
30790,5790649.470633856
31569,5712208.041431742
31587,7471690.669526462
31589,7413782.796606636
24737,9562577.837224266
24857,6854111.649604494
24912,7898687.224267354
26928,7821256.973124778
26929,9184885.737139707
29703,6590767.591983666
24742,13492628.513704706
29697,16061874.682450742
24748,10464110.767965622
24752,24229609.964793596
24757,16212338.355841585
24790,15618004.814441694
24793,18894728.025263615
24794,18920929.745202873
26773,22391155.23829137
26813,22676339.054194734
27736,23049974.627114166
28286,23903851.21706503
28524,15646752.103031442
30785,18431749.45238168
31557,18431749.45238168
32145,17600197.37576342
32552,9958240.76094241
33010,21172829.399353113
24749,24126291.451124307
28285,24636406.13727842
30419,11821189.574019205
24751,14508512.01844377
24791,11794643.37210217
24792,12957227.144772157
24798,18022385.334710594
26812,13440695.097968975
31096,11744149.639439583
31558,16521059.450151488
24754,101433459.73201329
24756,7955145.970039465
24873,6172153.886482951
24886,5938807.665980302
26902,7482350.97083795
24758,8993067.01587679
32163,6052404.288693037
24759,10182526.515197592
24934,7555238.233081292
31548,8221855.686385506
24763,5677275.955214536
24783,9031768.956466733
24764,6276377.655537656
30792,6276377.655537656
32146,15130594.721327033
24765,6880644.114868759
24778,10643291.38506222
26766,19048703.07914397
26916,8446329.915400868
28514,6947458.236853353
28687,6947458.236853353
29295,10771789.100681672
29688,7634277.106829612
30046,7634277.106829612
30417,11362922.262100155
30426,6396171.063942058
30782,6836438.367972336
30783,10485151.094869932
31552,13785331.950711936
32139,7606147.310705428
32179,7374530.004690779
32569,12695006.819679651
32993,7606147.310705428
24766,7532546.359586971
24868,7094525.150706265
24878,7443220.133056802
24882,7096200.72212895
24883,8374549.017370164
30064,7443220.133056802
31583,7443220.133056802
32573,6805264.913387613
33019,6788284.828201188
24767,7960211.251946426
24927,11923725.947267395
27961,11429821.542789329
24768,9342648.307550702
24770,7212792.200691485
33008,6702337.124545824
24771,7321608.1241953755
29706,7372895.172819749
30773,7467701.862244166
31117,7427816.011582168
31525,7467701.862244166
32587,6420683.994838421
24777,11090332.784404146
24946,11069200.486723548
24781,10143139.323524598
24914,8700672.761776352
27759,11434404.596549032
33003,10070248.00525974
24782,11317921.096008997
24879,6830033.791293765
24786,10370562.032429459
24796,40366166.24503299
32995,26645963.39048132
24797,6783161.348695512
24799,5280214.678670684
28944,8478224.668960096
31559,4680895.6931106215
24800,7187366.601689354
24801,23894970.946855698
24802,4656025.614269978
24837,5397909.642115885
26836,5665249.222457641
26870,5308196.0092807785
30428,5869362.337404621
30794,5560625.893541303
31577,6330323.261005715
24803,5396312.636593554
30781,6400449.339043496
24804,6804242.673581338
24805,7291078.348323798
24806,9037486.643555399
29689,8177580.481644212
29695,7901719.202830613
24807,7231904.077824431
24808,11441079.077897474
27972,11118570.499159385
24810,5104070.258547625
24891,7539731.939205201
28697,6500555.157673669
30429,7539731.939205201
24811,5781401.223113805
24812,5492326.80294262
24814,5944731.26910411
26701,5689773.825119239
26822,4375333.585073399
26825,5492326.80294262
32154,10321797.436541073
24813,6611614.164911736
28071,5659286.623251581
24815,5716503.726132921
24816,5819776.567722894
30787,5766228.93296519
24817,5033118.8682026435
26828,6073276.598831188
28939,5492483.116555283
24818,5634592.8608893445
28518,5565053.758965385
29296,11997374.636660116
24819,5475532.348550233
24955,9865048.05281269
26803,9230426.808834786
27746,10727722.286335036
28685,7578283.104209327
24820,5970453.792993601
24821,5979817.4158713035
24828,5921674.682557843
24831,5883557.984632246
28519,5930167.314002048
28940,5921674.682557843
30786,5861304.273884713
33012,5970453.792993601
24822,6248465.504734759
24823,5776235.451192702
26826,5479702.811483682
24824,6793186.620962091
30789,6434741.207790905
24825,6409245.435457213
24826,7114229.984501067
24827,6202170.967568703
26931,10442136.257173566
29705,9885014.210926304
24829,4600745.371535245
32159,6881075.49591082
24830,5871137.808452249
26834,5828532.098723802
26835,5810558.090794071
26869,5844267.144013054
29292,6246663.809876135
30425,5756592.772497775
31570,5672273.89425893
24832,6129116.047881036
26774,7558788.80909763
26945,8560677.559652783
30791,6160792.667112275
24833,6701620.112434063
24834,5709404.332618533
24846,6237438.710701479
24850,6055071.188856466
24835,5985560.868430213
24836,7294710.203802341
26698,6980395.183824694
24838,5632396.740064644
24839,6470803.231686155
29304,6098825.625030162
29305,6440605.686490059
30793,6504562.091381529
31111,6575318.204621031
31528,6644755.288868384
31573,6329865.934357807
32572,6329865.934357807
32579,6575318.204621031
33014,6590908.556347114
24840,6139362.165693288
26843,6223047.780374893
24841,7342975.412926913
24842,7231594.004677761
24863,6735132.24031613
26866,6881840.868090478
27965,10907475.587141167
28282,6893584.802705498
32172,6830755.66462758
32992,7309654.765919004
33018,7051749.076640155
24843,6139247.444036197
24844,6694666.907053482
24854,6464960.537120777
26789,6324416.61154335
26861,6248731.884219185
26862,6694666.907053482
31575,6375095.445267529
24845,5597231.994090683
26788,5822642.690090399
32577,6178632.136987566
24847,6654388.5835111495
24853,6754652.337471095
26863,6124833.299705413
28072,7011542.469206841
33000,6332208.148519203
33015,6565900.039206325
24848,5733480.499278595
24859,5741566.541756122
29306,5883749.258198184
24849,6391885.049666759
24852,6803649.099699434
30065,8938183.906708352
24855,5588806.56921514
30411,6595508.844631023
24856,6656146.482163863
24858,6110909.756378208
24906,8597176.701699102
29310,6809518.1756355865
24860,7668521.224304389
27745,7989434.016000725
24861,6971929.105214303
24862,7349618.719900094
24867,8287252.552345188
29311,8395705.526356231
24864,6774012.180342778
24877,7343274.38705558
31101,7670067.779156223
31579,7732506.872097842
24865,6366961.263656363
24866,8023052.031386077
24893,7825431.594535989
24903,7733261.998534435
26960,8100767.323285914
24869,7848685.6050116
26894,8882477.649223527
24870,8604219.707964182
27969,10877816.703765191
24871,7469345.44405411
32584,7469345.44405411
24872,6952790.322229157
32171,6851597.859422418
24874,7651265.576349387
24876,7826272.874152941
24875,6755041.206681797
26755,7079301.618257362
26882,6707245.423109218
26885,7182178.90364115
27742,6766404.182286336
29702,7164184.733900548
30422,6933335.852241888
31561,6742613.373036057
31582,6852408.748441616
24880,5966869.24006414
31540,7025191.854933921
33017,6152391.858763529
24885,6958094.740977291
26791,6892280.409939872
24887,7429824.690456799
24889,8829610.840161974
26906,7918788.243502489
32585,7994780.838380343
24890,8173570.8660017215
28520,6153883.076750537
24892,7691749.231298608
24894,10541320.97355481
26759,9618233.280441722
26926,9267722.491990812
29707,9845444.065662371
24895,7422918.412345522
24896,7662662.303190336
24897,8787442.980321027
24898,9589615.110352797
26925,8785149.2370443
31576,5898408.448631282
24899,8486174.94751851
26775,6804805.189609565
24900,9098341.178280324
29314,9381098.576656546
24902,10741792.81109428
24905,8870891.581672536
26864,7084336.721863358
32561,7248079.895010718
24907,8644619.335494796
28429,5554948.19066854
31119,8242468.639816624
31542,7962761.97786419
32998,5560145.491995895
24908,10471005.732983775
24909,7500935.3437753925
26895,6590542.841180986
32582,6195502.402013856
24910,7562514.027796693
24911,7505621.06278838
29294,8650794.722005898
24913,7888136.579235613
24942,8315761.301571221
24915,10478876.214323256
26697,13660958.309814153
24916,8958085.16614664
27970,10299187.035008114
24917,8003811.69894599
24918,8478798.608326102
28936,11430324.971922934
31546,8478798.608326102
24919,10306409.788254686
24920,10444483.07619316
26956,10423562.005829213
31550,9410937.878524605
24921,9398579.164735014
24922,10356661.828381848
24938,10618656.542475602
28704,9928532.76072618
31106,10782029.324141078
31560,7851403.7390959365
31563,7958595.206445997
31585,7603452.514668575
31586,7315683.499345081
24923,10396706.247933973
24926,9731927.379112823
24925,9892761.407065755
24930,10417720.24700506
26944,7874585.185374169
29708,10225715.998021
24928,8398261.800265536
26927,8741083.975795705
26935,8163211.219988675
29709,8398261.800265536
30431,8766413.83192112
24931,8106685.484705868
26797,8053664.07558363
30414,12419449.79938885
31107,12190049.05284581
24932,9926316.813814102
32169,6845858.734851645
32170,6845858.734851645
24933,11329429.770309573
26952,10421824.140524806
24935,11593306.899158137
26948,11482125.078454258
32567,11219425.696053913
24936,8167080.462473177
31594,7595292.12140776
31595,7767664.580759904
32149,7565521.644086344
33002,7958722.640980801
24937,9043886.693337508
24939,10630956.880771924
24940,8264470.79183099
24941,14244997.092168858
26480,10818152.807238042
24943,10230228.30636924
28931,8668482.965522276
24944,9873348.938087678
30798,7581985.486398112
24945,8168262.529766213
26957,7932678.476124056
32564,8064932.988060971
24947,9640076.730802663
32151,10030226.766761828
24948,9477263.989964182
24949,9045950.222298212
24950,10165472.605325766
26804,9577642.381295048
24951,9356728.901535334
26967,10872912.17683786
24952,11263037.289411748
27754,11460242.864047846
27758,12337824.341072783
24953,7792527.77385445
24954,9817908.71873817
30042,9705990.884174662
24956,8997890.816543745
24957,7123867.988812442
24958,7787907.990389723
31220,6067425.450850221
32776,6046771.9732287135
24959,5916124.294849876
24972,4593950.378694253
24974,6015276.804658425
25006,6652169.883766871
26980,5770271.864818577
26990,5500350.578947014
26991,5961613.856650122
27006,6460265.910217013
27007,6397614.789772
27024,11621430.915974565
27950,6310607.321181464
27952,5447641.495424273
28171,4840303.881126558
28387,5923654.890000626
29561,4746426.900863338
30232,6511618.478673796
30238,6652777.21603911
31832,4694649.427441163
31833,5931335.212713039
32339,5800741.829500104
32347,5796316.852749545
32353,7214597.971697503
32769,5942819.361748335
32770,5381758.8340223385
32780,7200085.988794117
33145,4805783.433188376
33147,8150719.395232001
24960,7083499.736865008
24965,8692959.164029375
24988,7089876.600239702
24989,7779047.388699354
24991,7396091.014530659
26977,11004556.544695025
26982,7728084.568414865
28169,9167539.618654512
28548,7881549.4747460745
29024,10402597.394937709
30231,7728084.568414865
30931,8918467.195911732
30934,8029310.4458472
31218,7728084.568414865
32340,7018058.851337201
32778,6940187.8091899315
33144,9088670.412497547
33146,7071984.5698537035
24961,5967695.304951303
24962,9668326.882626615
30239,7077451.629966492
31835,7164501.151020183
31843,6518855.739037493
31856,7145423.189244745
32345,7017632.340976546
24963,13097010.266767781
28833,21951973.44460609
24964,9425408.336574107
24966,6797766.841649964
25007,6622077.08979167
24967,5783891.098420045
24968,4903388.644374384
24978,5786778.031125223
24969,5889862.936850927
24980,5426317.5559909465
25019,9507603.966695476
28189,7259801.804046377
30230,6167762.036205777
30556,5788974.489112838
31838,5946706.6769393785
32342,5400515.432107345
32346,5846878.6458453555
32772,5426317.5559909465
24970,8619478.114966692
24971,12935837.626609636
25000,10892585.510339411
25002,11526760.902953295
25003,14023814.173604237
27041,12585031.417079022
28834,5937148.636027577
31221,9474743.618772365
31852,8342157.022758767
32348,13334057.452182444
24973,6990982.882009677
24975,6397064.7000534395
31831,9995201.466103218
24976,6089931.331961462
25009,6151800.336785117
26989,6203299.157429592
27023,10982598.307458615
28831,10491759.276785279
24977,7702278.5104461545
24979,6429687.987155196
25795,6367761.814126238
33162,8739577.464786736
24981,6922631.582765705
24982,5950464.573202468
24983,6065926.338443113
24985,6272304.760570833
24984,5700680.078048036
24986,5466365.261660844
30548,10374471.564393695
31854,9362513.725807525
24987,6565905.981804881
29121,12710223.738115154
30933,6425168.020082529
32771,6425168.020082529
24990,9020549.538162965
24992,9721479.145279728
27001,14734399.564981444
24993,8572300.12103283
27010,6627908.581915492
30937,7464122.853923388
32773,8572300.12103283
24994,8187106.459372956
28040,14898353.73901453
28827,8281388.529135298
24995,7831873.588185984
24999,9372936.708020438
25015,6112519.389062176
27017,6869368.692464093
27040,13171178.434164256
30941,8741197.273538653
31222,11661787.262761503
24996,10324033.78256357
25017,9556349.874565838
29565,9194220.019263446
31839,9756172.183554666
33148,10843046.968457919
24997,13787763.586373772
27951,12044875.227784088
24998,10737157.449708344
25008,6497058.3884249255
25018,9405917.826720327
28389,8698434.793837355
29563,6472807.924844673
30940,8624763.020904282
25001,12245476.191250969
25004,12762608.761447698
26984,6183439.929843427
27039,10400218.01576255
28826,7342015.955318422
25005,20480987.390302032
26974,22802329.559565086
27003,21902071.128235422
27004,17179861.28787388
27027,18824264.33187383
31855,18510956.416772466
32354,18054845.06274005
32355,17491029.522256885
25010,6714921.537577351
26992,6150783.770626771
30549,6155649.333299531
31217,7957629.6490016505
25011,6264820.54128818
29119,5033156.44560921
25012,8866897.080894656
29021,7226318.773868487
25013,7719053.186313901
26983,7673475.31290091
30237,7292238.769253148
32779,8853508.40799201
25014,10878808.328355372
27016,10878808.328355372
25016,8903426.285933867
25020,17393226.53466079
28824,11312390.014314914
25021,13484114.679437326
25022,8945426.994488321
26994,8310596.082519396
31851,10910443.449123884
25023,6216203.793758248
27043,8758753.756415796
31836,6182053.543434112
31853,8758753.756415796
25024,11458283.460846247
25058,9994077.718870474
25107,12194606.064205486
25133,20479978.95723788
25190,8133820.219593648
25205,7413452.306029307
25206,7579533.67420519
25210,8028937.955247012
27208,9026483.908283817
27210,7624616.991504826
27231,8685967.599208035
27232,6722506.008968802
27237,8792605.183076069
27239,8377635.7879202105
27259,12440171.952627545
27719,10954001.834049266
27930,12157504.574712774
27933,10294527.531664502
27936,12315184.415001824
28782,8650146.730455479
28801,8377635.7879202105
29179,14686697.985795613
29188,8315897.75788882
29605,10100203.948316466
31747,13159286.197576096
31767,9091660.71081082
32697,9214618.977190942
32698,12500078.281048063
33099,17856305.069105938
25025,16235969.673520416
25026,17973871.295806933
25030,20595012.008543737
25031,14176037.939198755
25034,11977670.636326559
25035,14600921.665456396
25037,22876312.19613082
25049,33232041.085435633
25083,38607573.13116122
25086,42611302.22871302
25099,16817990.914489955
25100,37655472.28500258
25103,16235969.673520416
25137,16600041.830739353
25141,14302877.331607046
26874,17168618.74013734
27048,30608877.13451217
27050,31240401.879579518
27075,10634192.880111685
27636,27823488.092814308
27647,14367244.231893267
27881,11278018.223628925
27883,17893983.626687307
27884,17304955.05089629
28334,12388990.909418713
28340,25031037.8299147
28538,25409335.50983573
28565,32313527.905599352
28769,9689525.02185962
28772,13191780.59020058
28773,15620120.733891718
28776,11243895.079369798
28777,17503193.700305022
28992,16927839.335223243
29166,16235969.673520416
29169,12444301.544945482
29172,10060134.267891042
30160,25052983.45280106
30490,15663376.690294884
30493,11753763.833450826
30885,21537643.462742697
30889,33227237.878414515
30895,15568740.217113845
31737,10687073.423076306
31782,29983149.096563786
31965,10074187.118773917
32300,13717046.059543887
32301,17842867.177125625
32302,14772495.82819147
33202,30236219.954876594
33205,10261676.169131257
33206,17136752.586840164
33207,24819528.787985034
33210,16587105.53126294
25027,10570396.738000818
25170,11228615.135290567
27706,16100601.283620961
25028,20525531.55924321
25042,19973970.847002704
25067,20187125.13298955
25068,19699295.70353764
25074,18097082.218506325
25200,11006995.450873272
25229,11976181.606943032
25230,13426368.003437765
25233,12364176.805006025
25234,10762717.592306761
25238,14564151.774970017
25246,13770962.07255728
27045,19642338.651604645
27046,21232949.75650524
27115,20320825.578505535
27118,21628381.302810226
27209,10055906.61684269
27238,11349622.585392939
27244,13542463.976665579
27247,16059392.898578878
27251,11335886.988095693
27252,10758495.162294706
27255,12852032.242832983
27260,14188583.916070059
27640,19906753.671763036
27710,16274783.702954646
27715,15542864.49637811
27721,15559788.283362737
27934,10703366.744261209
27940,16736377.10916415
28109,19980776.45088321
28156,23636842.97981461
28348,11314353.559714228
28477,18900087.23935909
28530,15119345.321209917
31178,18989827.427538875
31732,9754008.18854549
31761,21977584.939432945
32392,28274759.47733803
32710,27630447.856136765
33104,14077784.053885484
33192,19803169.922058348
25029,38273905.17232961
25036,22913001.334018685
25041,27672468.54138914
25043,23283999.76282837
25044,19577532.937938046
25045,15758475.004499083
25046,36009282.85250966
25050,15664148.170132823
25052,17213768.237284523
25079,18732754.821657434
25080,20023260.427984443
25087,26998844.414165344
25095,30457259.15903275
25098,27920753.37613756
25102,87026303.54182537
25139,18267045.50212187
25144,20038768.306192126
25151,19753649.825393345
25156,29755718.029924866
27047,21003278.17591471
27049,25259047.596278768
27052,22345039.413151454
27053,16999750.680685103
27055,42751888.33343623
27063,61129622.38689021
27076,18788550.671533205
27081,26317048.920068774
27082,35862565.75173556
27125,13262439.948937848
27127,15610730.908024412
27150,28487654.54602961
27152,37228865.81921468
27153,29108034.573233828
27154,37185063.962508366
27160,83626322.93722269
27172,19749603.987357233
27628,49491445.32836399
28344,20475401.13790289
28779,22375923.625617493
28791,16548067.938140573
28792,23572577.555706754
29604,20832878.59474092
29616,17001145.52113246
29861,27877059.70909976
30150,43845923.990219444
30153,34850079.24833378
30162,59192958.83191386
30498,23003193.385971576
30606,25259047.596278768
30621,16999750.680685103
30628,19577532.937938046
30888,15758475.004499083
30893,46793546.9681443
30904,19982069.95960056
30906,23545804.50341433
30907,43268965.18062442
30994,38273905.17232961
31014,23283999.76282837
31185,20023260.427984443
31186,35862565.75173556
31195,11558262.486445991
31275,34716526.460533746
31281,24403627.54386304
31290,28986579.433273826
31294,61117545.07761894
31306,19104630.412330776
31308,35862565.75173556
31315,17358214.43052133
31316,22679091.08356098
31742,27507034.535129957
31743,24111191.92153202
31744,27391670.96963033
31755,20838825.07561368
31758,30444943.15832614
31779,25004854.729391806
31955,38273905.17232961
31960,25259047.596278768
31977,17358214.43052133
32270,26685866.135426857
32271,15758475.004499083
32279,19883574.033550702
32699,21018395.89170728
32713,29587495.931166198
32714,55907452.8095809
32716,22540534.71879665
32721,20017364.482192848
32722,23736318.979826298
33111,33205127.381471604
25032,10054150.652265465
25038,6617375.496284039
25039,9582402.705328437
25040,10501768.086597933
25055,8303198.007621676
25060,11063153.788121961
25220,8140965.38343375
27051,12100916.844013901
27059,12366476.389898963
27060,12007513.779711435
27064,8247149.963915282
27066,7666298.5520156855
28153,13244020.729545744
28784,12587015.066563902
29174,10409699.102497693
30155,7810077.436626038
30166,11894911.74681503
30185,8140965.38343375
30491,6676197.548579854
30600,10054150.652265465
30886,13265202.491512634
30899,10985940.090430452
30995,6108980.937262939
31179,9582402.705328437
25033,11598743.653286964
25124,14100379.941691311
25272,12710325.411146728
25273,12878362.017179415
27276,12599922.193311054
27277,12878362.017179415
28167,13325379.613744594
31734,13093343.381779516
32319,7487388.098787701
25047,8960993.527013287
29060,10504841.52697168
25048,13919024.354201665
25121,12563540.416907169
25225,10760087.871947667
25268,13071213.568781458
28474,9672324.685929604
29624,10253889.788609002
30154,6523810.556187032
30181,6662635.66840429
30900,12776602.244987182
31735,11908387.774759382
31762,9708394.296629883
32708,12851642.65613654
25051,16860626.36778901
28103,37489282.95933406
28337,28958335.082778405
28339,32462951.9985999
28528,21164181.646419723
28993,27940739.927360773
33110,61605446.28498138
25053,6340138.48000441
27092,7637633.305277845
29621,6128541.6702681715
25054,7410550.863873603
25116,9940236.768972915
27256,11848424.804145725
28352,11929771.53705594
30501,10650480.629221734
31792,6367666.607752307
25056,7488084.135399925
25197,7192360.71551909
30182,7003853.924497393
31199,7438861.694051306
25057,8563397.42076591
25211,8081049.801818248
25247,8912752.255225513
27212,8113991.147282712
27215,7752549.940386344
27241,11374900.263095874
29176,7301216.0391903
32314,5576679.793355733
32723,5724052.016977185
25059,10698274.576415228
25221,11264419.010906376
25224,9985434.982128901
27068,10230317.340046313
27194,9471980.785100577
27197,8520064.238605974
27233,13893098.98373339
28347,7638438.188112584
28349,8928453.078270635
32317,8928453.078270635
25061,9490237.43556295
25257,9088406.204710932
27099,8508568.27523762
27268,8458527.835080443
25062,11933428.575229732
27183,16080375.068671515
25063,12879524.310273997
25064,10988131.276216805
28786,11177677.105334545
25065,17650599.607150353
25163,9151761.646252275
25254,13643083.066492286
25256,13773667.858793361
28157,22389349.847358834
28768,18691559.576403704
33096,9524375.527565364
25066,12521377.261625111
27200,8090226.883406801
32724,6393664.458173515
33113,6748473.725864066
25069,11768411.796184009
29168,11377527.252470046
25070,9362499.633656276
25081,14772256.629019309
25085,14160805.89064308
25089,11781940.58744978
25097,16882278.469635602
25146,11204472.918832272
25148,12968838.965901328
25149,13408509.203083038
25154,17589904.340269294
25159,16973569.90996515
27074,10290674.755711146
27077,9039238.32695722
27078,13149413.592483062
27084,36444060.26832309
27155,17607869.645050563
27156,22076850.24580599
27159,16893511.480712477
27707,32224225.408077136
28778,12942573.593624424
28994,14170138.228820361
30174,16973569.90996515
30912,13408509.203083038
31181,13745967.86761083
31270,16603051.878828453
31282,12151593.174369173
31307,13935805.325677598
31756,14170138.228820361
31776,7293541.130356927
31947,9639525.307574546
32711,10882586.587671557
25071,14263138.473615527
27149,23743013.312379505
27186,20624698.78832539
29619,14205681.994867885
30180,16675334.819856804
32276,14848098.006207833
32689,13237305.993432032
25072,12737908.24670307
32277,15868831.133236093
25073,13284639.863242343
28771,12698044.511676077
28795,15183503.850200284
29173,16177201.675985184
30902,14610986.041338127
25075,22013620.38552275
25269,15770903.05282324
29609,8206097.989618126
32717,14505957.757887628
25076,13826926.000519695
27079,14012074.912034139
25077,19325261.31716339
25110,46633991.67438635
30161,39420964.01972719
30516,33191757.690379187
31745,60013722.83955833
25078,16872180.781045053
25082,15956627.84068225
31788,10653336.247589743
32313,14837289.676156618
25084,41317675.4853507
25088,34559888.51385282
25160,49318562.030870214
27189,42774422.368542835
30175,58011073.60411403
31187,38498580.91230189
32307,46727014.83139503
25090,16536609.953337327
25101,37405994.15251866
27080,14383829.039036276
27083,17282205.08863732
27085,28410775.4055956
25091,28880518.423149195
27056,53804867.83779627
27062,28714624.004457742
27170,71144312.86157152
27188,37707688.50446331
32305,20940827.230444696
25092,53987329.32708094
25094,48626129.089102544
25175,31207282.8120715
27632,52489694.17745967
28338,37933629.885795
28466,49768282.87171314
28774,33277364.671758667
28790,20609773.76621233
32306,40978910.15026411
32876,49330874.31298516
25093,28707952.626864105
31194,19309844.422288746
25096,26313304.60855028
27173,33769232.87843047
25104,14335639.584981702
25105,9058841.78207512
25214,9774353.459070124
27216,9066822.979219018
33105,14586819.51299226
33112,15794826.51290859
25106,12676017.468588658
25245,11253013.255066307
27258,10963905.613128917
28164,10679873.610994712
28775,13068723.458275521
31789,11588303.349780675
25108,14741416.101207318
27169,13637483.01646304
25109,14852117.233550444
25111,6226870.67842236
29175,5948002.273903641
25112,7690417.453092982
25202,9372547.454613851
30517,8012356.095134985
30896,7822807.536263095
25113,8779394.64262674
25199,9425079.317477316
27091,8849260.954417147
27248,10910190.339749228
25114,6516558.815171521
25115,6739233.645761606
25213,6972112.718916232
32312,13153779.669380791
25117,7304064.441406311
25118,10639476.215488246
25227,9664591.018711241
25119,7282967.216995379
25120,9124019.395110903
28355,9366012.124468226
25122,8571928.002960192
25123,11017278.974914318
25143,16715842.308689918
27072,12887588.074713286
27938,12913851.219487932
31753,14721950.268656002
25125,10572965.594376374
27722,10815367.933286473
25126,14620728.029071717
25127,14284146.395436307
25128,12452313.34947664
25136,22923168.691858236
25152,25759542.511595637
31780,25724171.303155627
25129,11121834.108982842
27122,14170692.245105907
33098,10316112.35535355
25130,17274243.929509345
25131,12036716.325348603
25168,14818448.91765643
25132,11501308.472081363
25134,13416390.31641096
27113,10792023.220082512
32292,10792023.220082512
25135,16031818.238309745
25138,20405614.598074876
25140,23530376.48779635
25173,21795397.90893976
28346,16901092.410595793
28526,45982689.05425139
30887,21881457.891050573
30892,18504737.560634173
31754,20979629.292655285
33109,19049367.515246384
25142,17202757.199869297
25145,17028477.637930654
25147,25119921.66231472
25150,25193698.056530356
25153,18270085.005947962
31759,23300439.60284979
25155,29222053.22493923
29607,49130058.0548366
31191,21432256.306009132
25157,28932351.58441024
31781,20571319.82603714
25158,26892996.979321938
25161,41497502.42862199
27151,29647496.241443183
27157,31339650.3401191
28470,15429132.901488377
28995,35601445.61244091
30988,14970146.3357627
32304,27027640.79855605
25162,8470420.813534673
25164,8900368.608543912
25165,10413541.004036887
28798,6859459.5488161985
31770,10352928.704510152
25166,11191390.444802368
25264,10521327.6822752
25265,10523842.991831629
27274,11323261.515329309
32310,10727102.681150036
25167,16695515.74310341
29005,6436836.488483443
25169,12371964.31299681
27181,12510564.558047183
25171,14501757.633820852
27117,12091070.85340083
29620,14229256.804321356
25172,19328626.098846637
27185,24411737.315955684
25174,30040004.94085509
27171,11091558.387280604
30159,21428355.473903086
32280,22534326.53912535
25176,31384396.33618296
30152,36227074.94941953
25177,4876096.001342802
25178,6694335.229429212
25179,7727678.122899912
31197,7727678.122899912
25180,6552275.198083912
25181,6924345.680193264
28160,6962835.535771717
30914,6937365.100134399
33092,9604034.72162963
25182,7238796.335167833
25232,9211087.509284912
27193,6709441.831746216
30913,6375993.870674483
25183,7625447.385832002
25260,12404636.860625058
25184,6512045.084457463
25185,6570184.406594534
28531,11445435.859170768
30897,9234794.854381057
31787,7688221.995632963
25186,7068186.461455977
27213,7357595.905896794
32706,11022887.319673317
25187,8285541.187843934
25207,8156988.625096232
25208,8468287.34722428
31200,8156988.625096232
25188,7412167.16185679
27090,9112844.8776785
33101,12546065.862667762
25189,7068739.174380402
25261,9408490.135750713
27070,10619327.731508696
29184,7072182.813259421
31793,7149358.355215099
25191,8158018.14630585
25192,6317381.903760573
31730,6569545.9821981285
25193,7468480.447968784
25198,9138637.413455207
29189,9138637.413455207
31794,7501892.2966145575
25194,8854403.715781705
31731,7515743.30198697
31746,7434365.125869464
25195,9657814.244794942
25196,6684751.405688625
28802,8850936.252604429
32318,6737217.952364375
25201,9284605.06897146
27190,6517229.349322176
27191,6943821.64122596
29004,6517229.349322176
30183,9597170.005506648
31196,6778667.115965662
32284,8384543.948857989
25203,8306063.079081311
25204,8192307.964766208
27211,7935834.110077294
27249,10612277.9161913
28781,8550789.193449484
32288,10507237.675833063
25209,7543154.6535685435
27236,8332830.086063938
25212,7614911.768300735
31766,6991224.444048628
25215,8439497.155683076
27058,8960760.403356582
27067,9148298.098479437
27262,9772599.64517151
28343,16140435.818896629
32691,10205481.339810563
25216,8266001.440568639
25217,10446625.06891548
25218,11627233.254673606
25263,12509657.691314196
27250,12343813.592378268
25219,8361919.531961128
27235,7893530.51387606
30176,7934310.985771747
25222,9534639.963711638
29192,10438084.078848142
31786,9207953.02329029
25223,7461532.524306249
27175,7448467.84094697
28800,7897791.3657373255
25226,10493198.517136924
27096,10204353.60361397
25228,7358924.690759429
25231,8991526.913880136
25235,6946033.255345203
25239,7730271.808097602
25241,7066867.20121533
27246,6997385.887377968
28163,7090058.312624744
28991,13920858.89320069
29625,7730271.808097602
31932,7308360.276596648
25236,7874876.7007575715
31790,17983783.759779394
25237,11765554.08149264
29610,10318068.52751402
32273,10414514.542184567
25240,11454486.616476111
25242,9209457.751844754
27069,9329019.36433485
27254,9513712.053893195
25243,9426362.42496852
25244,10045187.156430343
25248,10184530.866832301
25249,7823521.363260233
25250,9330149.448264606
30178,9352436.723566761
30496,10427750.155050775
32720,9352436.723566761
25251,7398177.933226973
30495,9390947.625811929
25252,10461208.26773508
25253,11405512.52931914
27939,12567006.414166816
28785,13359717.88260943
30515,15744340.318935502
32299,19633701.12942492
32690,18203625.911840916
33094,17175627.66054743
25255,12768150.546965014
25258,10837013.416234069
25259,8435784.140794668
27112,9078021.35192869
25262,6363474.488096117
27864,11609206.194690764
25266,10332613.8484128
32695,12979166.068602005
25267,8685581.403674284
27709,7883196.675225876
29182,13467430.981799092
33108,12813483.084844995
25270,11393533.44465909
28479,11002945.004059063
28765,11168065.238279818
30156,10678403.356968217
30157,11037859.122546501
25271,9346876.11207857
25274,9106019.890541432
27948,9076443.135164076
29178,7969200.362007705
30891,9746751.603095304
25275,9079060.480777612
25276,8836553.38904374
25278,9288345.386495993
25284,17173713.270296823
25300,11886937.133242406
25302,17407225.11538659
25316,7462774.749617358
25317,10441240.906923434
25393,9687259.357266037
25406,9855270.951526351
25417,12924057.742020378
25426,12945295.137505906
25428,13568390.399349894
25454,18423604.567351315
25455,18942703.94899204
25464,39340344.57804573
27029,7453308.137762805
27033,9221441.31688971
27278,8813178.120191798
27280,9017876.209360661
27281,12079860.914710661
27282,15132854.536307067
27294,6866933.787202396
27301,9834115.052586513
27308,17962851.9112564
27382,45565280.52950584
27387,12472288.933345081
27388,14219976.865926966
27397,14881695.806844702
28559,13910107.881177364
28986,8403496.078840002
29055,8052887.705923313
29626,8802422.113682752
29878,10165100.128757121
30136,9673890.376207523
30144,9556015.752795197
30465,10327827.340570727
30467,13881769.028753469
30480,9699273.053016718
31004,7986253.354037601
31153,13881769.028753469
31264,13910107.881177364
31268,9009447.779147493
32651,7647654.005292413
32653,8711126.427288119
32672,8920098.20950066
33061,9976831.382882848
33063,8807659.14196963
33079,10567651.626959631
33082,37280618.015416704
33220,9834115.052586513
25277,9904484.090290556
25281,19556879.311195046
25288,20966601.83377851
25333,12342413.163780408
25335,18262055.109313402
25337,23734865.867720094
25339,18792013.058893457
25340,23275474.651662644
25341,30205643.629855037
25342,21064638.61577699
25343,27096642.271831997
25452,10169811.913649304
25459,25138831.636284586
25463,24883369.42957381
25482,17779061.489352483
27310,24128297.46114986
27380,24177272.752115708
27381,20635913.510376148
27383,50705740.239768624
27644,18599190.77804912
28497,22902961.273908116
28971,22053888.723757364
29199,23476618.787654534
29203,11048317.869967451
29205,23438987.617496114
29206,19253798.916044347
29207,25800693.953049175
29208,23275474.651662644
29218,23037096.03179115
29629,11525554.410836741
29631,26232772.361049272
30128,24128297.46114986
30464,19145778.82031948
30473,25776259.615245283
31172,12918338.59713272
31668,19174087.93486219
31672,10585814.59025586
31674,18750520.966036763
31718,27314836.695482977
32230,26764743.27602309
32239,21798385.198115114
32656,19253798.916044347
33071,26966589.695548017
25279,7236674.383878826
25290,11416262.43837483
25291,14518895.086250657
25298,8767053.59864364
25301,11295835.030640671
25327,12561283.229759503
25440,13155560.266352097
25453,14557023.384916315
25467,10317860.438068949
25479,12097302.03382394
27284,7875349.800724388
27307,16098816.442773264
27337,7020076.993251864
30140,15890717.144140925
30471,24953485.420410264
32227,9724626.845076328
32654,12394812.518464947
25280,8677348.164189829
25292,19558437.70647564
25448,13408133.056216823
25469,9604059.320677401
25481,16911605.385798078
26871,9103732.748667179
26872,12493731.935065648
26873,17678625.09176052
27285,22530412.457488604
27385,21017393.32370677
28098,9256184.456079973
28099,13190923.64264901
28100,19547063.114839762
28558,8890622.800571134
28560,18770901.04659412
28966,9793700.595892126
29214,11368602.727494396
29854,8993357.406120725
30139,14863011.662585188
30590,9238978.82357733
30610,9515965.082141547
31709,11141196.82004196
31969,9515965.082141547
25282,7534437.6500323005
25283,7160583.52042231
25307,7048174.466462786
25485,6814459.036030608
25486,6814459.036030608
28452,7534437.6500323005
30121,8078806.093179769
30846,8008799.729182741
31728,7378697.333358679
25285,10900204.994059263
25303,13983892.33376407
25304,13912691.783304635
25473,7260313.703862567
27700,8674133.391799802
29219,22931262.177624416
29638,12932070.840676557
25286,13616235.136895059
25293,21541202.205435414
25294,22435149.02566833
25305,24823020.845797095
25344,28230750.720535263
25445,13282396.067852246
25461,26705156.904486522
25483,22482647.73453493
27279,11939360.33611625
27286,13730113.056800844
27287,21983554.099467017
27309,12696984.551506327
27399,32231297.19745359
28493,11983473.928190896
28759,13211633.550832046
29204,22073251.352611046
29627,34742263.24031669
30117,23064283.821401227
30127,15714209.144539488
30141,13989222.475277683
30609,24565552.478174355
30882,16981556.956881654
31000,23345215.81632504
31001,29571353.970486846
31173,25636736.08969509
31174,24476067.268236794
31175,24750797.69516258
31662,33561227.13389678
31663,25593280.752040185
31675,25378196.345379993
31727,31776136.664917015
32252,9508661.336396264
33070,23885221.01970611
25287,20109886.63389945
25299,12301593.871430315
25320,7579387.6097797165
25329,12401059.32592346
25330,13461251.425485674
25334,22831789.137435406
25385,7881620.955697002
25465,16240453.920398014
25466,18622734.2579888
25478,12264341.255449522
27032,11618136.82254908
27373,12013025.794968547
27384,10765290.465691702
27395,12374391.444091644
28459,22307846.389246263
29074,10940416.425471952
29075,16682425.057362363
29855,16682425.057362363
30125,12232622.604287896
30290,10940416.425471952
30468,13098468.669954017
30592,16682425.057362363
31265,16682425.057362363
31939,10903434.733511057
32880,13135855.975870783
25289,7297288.715448236
25324,11387737.855843814
25326,12003514.578552457
25328,12376658.18283687
25431,12098536.633251883
27305,12606847.60123966
27306,10104496.77712172
27352,12504935.53552885
27396,11882065.123344839
27482,12387007.098470047
30124,8324621.942418998
30314,7882580.871643504
31673,14574582.44396506
25295,6933594.123248417
28974,6186894.432693676
25296,8071845.831642613
25318,8024002.322848515
25319,9518001.837352388
25379,7160416.752344939
27295,7463437.027674635
29635,7524931.065385082
33064,7463437.027674635
25297,10501443.272716386
25306,11664135.73133733
25308,5577923.257198618
25514,6189597.726653907
25309,7527243.182216163
25468,8791102.09244815
25310,11124454.054033305
25520,9085970.878592746
27697,11033875.860183328
28750,12150320.672679223
29220,11974063.29345804
29632,11158675.238225272
30476,10132226.944648944
31151,12269244.744707981
25311,7796201.950037553
25322,15284905.84583744
28737,7513537.683547689
28967,11522628.115023762
29212,9273673.361437218
25312,6594632.740967042
25313,8231186.898120639
25314,8323402.594572556
25389,10164525.932812227
25397,10525630.796050105
25405,9850489.32988426
25421,12588145.164358325
25476,13068892.094854152
27298,10192988.592223927
27342,9880502.456434788
27349,10133336.5410454
28332,7410224.758524749
28456,8061914.197423279
31158,7209596.590615627
31160,7083339.235419718
31722,4811677.295067031
33196,9865758.332713073
25315,11215854.377819799
27392,10610164.19417628
25321,11807478.687821155
30137,11528592.896861542
25323,7619790.078571497
25462,25973885.824185725
30129,19382927.20289791
30466,8465062.507063454
30469,15809072.480351364
30472,21317742.379063234
25325,17674387.337023925
25331,15831924.762418829
25358,7579108.917703591
28148,14163724.688821204
28462,7251269.602457354
31156,9078521.26269146
31667,8818591.85819379
25332,18238689.066792883
29225,17842350.97875029
31715,17390133.731986187
25336,24089331.857642632
25460,28652751.33524748
28902,23057067.942795236
25338,50417476.99882915
25443,19257161.153331995
25456,32104238.991844513
25457,30553611.232584033
27289,41430996.081477106
27314,46468258.86510831
27379,48004864.487934925
28324,51192643.72689437
28494,30122945.24145322
28495,37110489.62656053
28496,40015934.596821316
28564,35613355.7000871
29630,30467823.602318976
30142,38169610.735562935
30486,41054748.43060153
30851,30176744.77156105
31716,24934891.363915738
31719,48889739.07374221
25345,7756900.115095492
27416,6921629.530047426
25346,9089516.607346902
25362,8310555.184902013
25347,11195448.460563203
27358,15352630.617147041
28968,15383489.331030862
29215,16489864.469633242
29633,7502207.179936315
32229,16323539.261912659
32234,15383489.331030862
25348,9026262.23579145
25349,10954075.289964886
28738,9268039.198781675
29213,13310743.427182639
31693,13590604.141351612
25350,6823030.043278723
30246,6503471.243160135
30253,12059772.62308961
32359,6718228.758500968
25351,10649395.327804718
25352,10649395.327804718
25359,10966204.78769224
25364,7503404.406482348
25365,10649395.327804718
25371,11006529.691372586
25373,7902661.748315072
25375,7318845.846617133
25377,7307219.285315606
25384,13055740.064121934
25387,13055740.064121934
25388,10649395.327804718
25390,10904571.309956266
25392,13055740.064121934
25395,13278843.519850666
25398,10649395.327804718
25399,13055740.064121934
25400,13278843.519850666
25401,13388935.766787492
25402,13639518.0913662
25403,13639518.0913662
25404,13388935.766787492
25407,13441146.77412193
25408,10649395.327804718
25409,13653334.12390812
25412,11329745.771548789
25414,13055740.064121934
25415,13388935.766787492
25416,17736191.567848112
25418,13278843.519850666
25419,17801948.626448147
25420,17736191.567848112
25422,17736191.567848112
25423,13055740.064121934
25424,19024471.3575316
25425,13388935.766787492
25427,14314749.5813403
25429,17801948.626448147
25430,13639518.0913662
25432,17801948.626448147
25433,16435947.542771623
25434,13055740.064121934
25435,19092667.872541636
25436,17990771.358433656
25437,17801948.626448147
25438,13278843.519850666
25439,13653334.12390812
25441,18040009.491098877
25442,13653334.12390812
25446,17801948.626448147
25447,28741446.141597398
25449,13651726.328764005
25450,17736191.567848112
25451,28700462.618654136
26008,10649395.327804718
27339,13055740.064121934
27343,13464611.063966505
27344,10904571.309956266
27345,13639518.0913662
27347,13441146.77412193
27360,10814907.06939923
27363,13055740.064121934
27364,10814907.06939923
27365,13628899.212518765
27367,13278843.519850666
27370,17869710.574217837
27375,18004788.765008263
27377,17869710.574217837
27481,17736191.567848112
27701,13055740.064121934
27702,13388935.766787492
27703,13441146.77412193
27704,18853421.13050329
28142,21115599.414821044
28143,13671067.409991566
28144,13671067.409991566
28314,10649395.327804718
28317,13055740.064121934
28318,13055740.064121934
28319,20740028.655835647
28320,13671067.409991566
28748,10649395.327804718
28752,10649395.327804718
28753,13278843.519850666
28754,13055740.064121934
28756,17736191.567848112
28757,13055740.064121934
28972,13278843.519850666
29216,20912746.374790873
29217,17736191.567848112
30133,13278843.519850666
30134,13055740.064121934
30874,17869710.574217837
30878,17869710.574217837
30879,17736191.567848112
30880,28700462.618654136
31171,13811918.259239063
31676,7503404.406482348
31679,13055740.064121934
31685,10649395.327804718
31687,10814907.06939923
31688,11015105.366010748
31690,11040584.203793496
31697,13055740.064121934
31699,14020290.999624958
31701,13055740.064121934
31702,13388935.766787492
31705,13441146.77412193
31706,13055740.064121934
31707,17736191.567848112
31710,13055740.064121934
31711,15082658.614000352
31712,17869710.574217837
31713,13653334.12390812
31714,17942422.893255804
32132,17801948.626448147
32251,11463301.450249614
32661,15358206.473253509
32667,9220994.703036359
32673,13291859.407236643
32676,14849311.993353555
32677,19132082.024693053
33076,12020629.439138453
33081,14992945.092398904
25353,7137316.06377015
25354,7193117.182218495
25355,7588027.844104551
25356,7214566.715446396
27288,9356796.557229752
27372,16889636.869756475
25357,8572139.770094182
25367,8691355.099838033
25369,8589097.625319842
25410,13958201.246324504
25502,7085034.381224426
27313,16296898.53702773
27340,11083951.88797158
27346,13414961.463117648
27929,16248250.220702372
32238,8609498.686215492
32668,8408616.914033739
32686,11099767.172052197
25360,19493695.70287212
29645,13001836.631392628
30483,24866713.846038636
32684,9651203.702123875
25361,5741795.804801314
27297,9618903.942238715
25363,6518046.420540625
29636,8739421.552567067
25366,6472449.378350519
32790,6862968.627323369
25368,9302437.886960052
28535,8738803.266507383
28987,6451428.051655908
25370,10064684.417381478
28990,7929859.886819945
29227,6577305.76087874
25372,8628501.364874685
25517,6762048.271537892
25374,7832881.664354671
27292,8509955.324125739
28453,9420858.121848505
25376,8476801.202114142
25497,5531706.666443551
25378,8254520.650154151
30482,14795671.19793937
32658,8254520.650154151
25380,7735764.011239833
25381,10758494.891988771
25494,6218602.631121453
29641,10749333.557013424
31723,8822294.26060841
25382,8948000.641479457
25383,9793105.2179624
25386,10030519.324629046
25391,7350511.737760735
30132,7350511.737760735
25394,12364185.939870432
29223,11711338.105420614
25396,10640106.204545846
25411,13258902.888467684
25475,13425678.426051497
25413,14685816.94265227
25444,27092903.445569377
27291,9282326.09141347
27350,17861377.25561551
28758,27341920.792417496
31177,12028576.646622917
32254,36467383.47274786
32666,12666177.029168248
33074,11429140.713947318
33091,11465338.426004322
25458,13762238.626539355
25470,8990551.103732824
25471,8381576.590041977
25472,10666164.920068346
29054,10514875.98412397
25474,14632931.698215477
27927,11601651.162217977
31964,12259312.622946613
25477,12360113.342296684
25480,19958691.790188596
27303,12824978.081785044
32263,11823887.431952855
33075,8446076.046902929
25484,6490254.353093648
25487,6691521.727384264
28749,13225442.637653578
32267,6691521.727384264
25488,5773972.72839401
25489,5786315.366478376
27386,6304354.147114962
29647,6283918.761601074
25490,6223763.441767914
25496,6675235.277559485
25526,7386034.939978869
27406,6106650.638894988
27407,6066783.261328052
32269,6231569.096843684
25491,5495103.890461466
27371,6339650.38826298
27429,6223433.737611535
27432,6663779.275088339
25492,6611983.956762708
25493,6446092.466952581
25508,8154121.450768832
25495,8351576.210102837
29648,7344322.805553197
25498,6635208.70018867
25499,5680326.778622132
27414,6854184.204885358
25500,7057623.886271727
31681,7057623.886271727
25501,5728159.435188008
27412,6029787.996005796
25503,6577351.40478559
25504,6769418.195113353
25505,7231709.170426025
27428,7115654.207516895
25506,7469981.366178607
31155,7437308.327554217
25507,8837729.11528357
25509,6969517.144035825
25510,6054612.016675122
30149,5607501.0168551635
25511,6773655.69403621
25512,6892502.1525113005
25515,5933189.776676487
25518,6022465.572496588
25524,5810323.0322329225
27418,5908553.674422252
27419,6417886.072465252
33087,10436664.368854055
25516,8214853.188707211
27299,13269410.951297939
27694,15895149.937479176
29198,12480322.544374024
25519,7522740.88818526
28331,7358768.765468274
25521,6663005.720856446
25522,6544883.09425838
25523,7757334.768454575
27316,7757334.768454575
27409,6867491.883688858
29200,10051945.398543298
31678,8509371.525303006
25525,5845615.695076589
28312,6567875.957075933
28764,6047132.449454337
25528,7234312.001797964
27315,6074510.336476612
25529,7266695.003652917
25530,7463158.614012944
25532,9226987.897313127
25533,8414180.31126976
25531,7852461.771311051
32241,6907857.985712028
32268,5958818.8872146085
25534,7154620.292424667
25535,7896161.980654013
25536,7429581.6288856305
25537,8045962.005039994
27304,17438379.88501675
27351,16246162.951990064
29201,17438379.88501675
25538,6510684.868347692
25539,7521825.124028911
25540,7648418.278204596
25541,7738477.492400173
30463,7862149.596303861
25542,8790360.192312581
27437,8909992.78611686
28501,9308820.942407675
25544,6549571.674796719
25545,11634072.31701444
25546,8198676.976876356
25547,8062211.74559657
25548,7368598.4766066065
25549,6454019.5150595065
27401,5396462.798950636
25550,5334800.975693808
25552,9233011.061042517
25563,5324416.418304152
25564,4856558.20991278
27441,5258713.450335168
27449,4824780.25249407
28948,9325491.992075132
29233,6211669.7870498225
29245,5521275.072496763
29246,5215472.430065518
29273,9663591.819449598
30455,9929467.437326208
31644,8808838.609703239
25551,8033766.338693014
25566,5722622.315135549
25584,9846199.421242578
27442,8148542.613373447
27443,8153226.302095162
27444,6143881.494591204
29249,6290670.6976656
29260,8629737.05719623
29271,8658143.5060776
29272,8883683.92576561
29662,6118648.878689545
29675,8794586.50746146
29676,9893047.294255855
29679,10754150.537976686
30074,6387586.326458608
30081,8641632.060815353
30082,8701073.748350533
30083,8678536.81362834
30102,9118832.364107076
30109,10935067.95204948
30439,8701073.748350533
30440,8639788.347724441
30447,6133920.787023677
30452,8755869.01901835
30454,8909128.316851392
30596,7041382.903529016
31128,5599559.438852513
31618,6101638.315738088
31631,8547837.37455719
31640,8596516.079900136
31641,8711898.33301698
31643,9038647.267932696
32200,5984669.608325247
32626,10499822.896751273
33035,8728741.423364338
33039,6094639.405742086
33044,8815167.225025918
25553,6440569.525998635
25554,9400898.707212092
28465,8261191.56998599
25555,11428608.061890699
25684,10471341.626733622
25556,4984889.928832361
25557,4983840.879628137
25607,3671485.531975176
25626,7816278.003253749
25633,7816278.003253749
27168,8016471.210514451
27447,4104507.200706623
28447,9178136.127540404
28717,7674694.038506698
29230,5269228.372399662
29286,8416986.644682474
30073,5269228.372399662
30091,4983840.879628137
30434,5129692.497808094
30810,5814037.53644227
31634,7984410.11257853
25558,5901958.189074533
25559,6351249.320398666
25561,6320302.106205652
25565,7386606.318784182
25586,18882742.152207926
25608,7688743.906936792
25610,7497429.344458737
25621,10365591.123586787
25622,9860531.142112123
25629,10253485.34943299
25634,10615109.775552865
25641,11685891.627662519
27162,8199824.244989841
27163,11529684.58150009
27218,8011428.393404519
27219,7691777.432158161
27220,8142618.9732001135
27221,7777798.855729618
27222,8167249.158988143
27318,10917226.570548424
27319,12369473.133210257
27322,12249364.507176168
27323,18148104.405440375
27324,17555948.413930643
27492,10606412.12977999
27499,7729166.723908874
27500,7949831.794428177
27514,11479779.423799042
27674,11381167.277308414
27675,11430345.021036863
27912,8092422.474207129
28121,6517730.521353127
28124,6234220.095850021
28126,7912869.507358086
28127,7896626.594797449
28128,10386146.335559959
28129,10202184.165330801
28130,11653312.36034061
28296,7708716.924616903
28299,10750855.215033479
28302,12357009.137692044
28437,10288804.203624135
28438,7706771.080215193
28439,8134611.762410708
28440,10585030.9489853
28553,10412996.64057753
28711,10429722.439672047
28715,6433163.985406223
28719,9865116.886036625
28721,10584985.955609461
28724,11458298.210903533
28953,6458078.881967266
29236,19614720.143279918
29239,7873717.855536547
29248,7794491.844497468
29256,10434572.892008035
29670,11468755.797921322
30086,9814236.568073008
30087,10586578.55699397
30104,11684497.648895562
30286,10518908.609222561
25560,4789582.161755764
25562,4733253.376272655
25599,8293261.369893517
25605,8388348.7044856
25609,5834620.627772701
25624,6146440.618068695
25716,5920354.809860914
25719,4808108.359933678
25720,5667982.332710898
25721,5940519.411988474
25722,6382299.577367577
25733,8488286.990707306
25734,8304233.487177615
25745,5076929.242125072
25747,4893285.932133055
25752,6228176.107145549
25760,5994541.886832538
25761,7400578.763369496
25765,5484010.023098152
25781,5700633.42448907
27451,5758991.905998327
27452,6028692.645670953
27501,6513035.93682024
27532,8467941.628119657
27578,4348964.038625158
27579,5834787.27615704
27580,5486250.4296379145
27581,10393293.770221526
27584,13422339.76145062
27610,5874072.650272298
27667,8661096.74268827
27686,5949131.695201603
27879,7144963.5625024
27880,8262511.406596622
28443,8538767.471332224
28506,6698128.61869801
28574,5338104.214506606
28706,8034819.445733093
28722,7096616.2280123355
28728,7792401.542561036
28733,14223907.08382382
28956,6142974.882731927
29081,6920716.311672869
29234,8502962.661536086
29241,5511898.4868854135
29653,5493543.310874248
29654,5422416.590939361
29667,7495002.4802712845
30090,6084528.645155333
30445,6377803.113103526
30799,6920716.311672869
30800,6157576.058884304
31606,10158309.855397187
31617,5531425.73607831
31647,7207871.944465455
32188,6054360.034730328
32205,6115006.27305847
25567,6084574.088283582
25568,8040499.359881997
25582,9343500.653456774
25587,12247702.995563297
25619,6648490.397583213
25623,6921623.265828654
25625,7600747.628279835
25627,7468291.658263371
25637,7285460.016788648
25648,9207679.785965485
25652,9576197.975563597
25660,9576197.975563597
25681,12745973.812734168
25683,13464390.934902972
25694,14803827.503407747
27164,9868602.092530707
27454,7826307.519576764
27455,7953949.3563233595
27461,8882727.770171355
27463,9279462.73716619
27472,14973721.424105026
27495,9669185.941415008
27504,7298528.294838908
27505,7622798.052710058
27509,8872680.81572072
27513,8434090.381603666
27515,9259079.110362178
27516,9348798.167898936
27518,9538992.210145142
27528,9673474.452051163
27534,10304275.290417323
27535,9610607.757538421
27666,7834522.109217042
27668,9084002.157634623
27670,15296229.723266395
27672,7699249.319736895
27673,9030426.334735574
27910,15526055.397167666
27913,6717042.709485168
27915,9543254.715325909
28123,9704150.850563023
28131,9178638.538900793
28132,9276122.478804775
28133,10416394.59482125
28293,15530558.763720866
28298,7482199.018594176
28949,6941882.76131279
28951,9603330.652771538
28952,15745095.20089678
28954,7398021.460159194
28955,7729727.059061237
29232,15694056.64239638
29657,10351365.405594148
29681,13155222.576093176
30071,15544288.346980054
30106,9336682.516109131
30108,9807131.870045504
30433,7247679.022878631
30443,15130753.660246424
30446,9189879.943821935
30802,7331812.666691622
30805,8475974.440881891
30814,7331812.666691622
30815,7830583.264448711
30818,7369342.259006093
30822,9742255.173397755
30826,8402272.378807886
30827,9393015.642428579
30828,9513654.667868694
30832,9706695.368200663
30834,15079782.427566387
30837,14051247.838335186
31122,7335336.440405491
31123,9288971.8099303
31129,7967501.494733241
31131,7735957.342750303
31132,7922684.965784979
31133,8565101.544527307
31134,7705157.553029863
31138,9040646.506488837
31142,9336588.131891536
31143,12889696.67487791
31144,13570656.21908118
31145,12797323.232075991
31599,8128748.5385342315
31604,7891965.70516302
31605,7891965.70516302
31621,7832287.890079139
31625,7492476.115173413
31629,6943265.950685756
31633,8147578.312697932
31638,8727066.649979888
31654,12861136.49698497
32191,9221381.721407041
32202,7271371.538414274
32203,7383963.066415281
32214,9026923.080765896
32218,9481136.408049725
32222,15070143.161849353
32223,13545664.011082107
32594,7641014.416434412
32597,7793375.602437264
32601,15235063.17617645
32608,8991734.218313375
32621,8887982.734480293
32623,9543747.240907868
32627,9610607.757538421
33028,9050774.373165626
33037,7267174.778982897
33047,9125352.718427408
33053,14927826.094353652
33055,13394626.97348412
25569,6276894.074592235
25570,5676404.721436187
27453,5954414.64143964
27594,5777719.960279469
32190,7137237.934430728
33026,5245654.4969092505
25571,5334081.314453647
25656,7478025.045898405
25658,8551211.6832727
25689,10592236.235902147
25707,15612925.925812373
25710,19371683.85360309
27478,14864250.320166642
27911,15707310.283744598
28135,14862033.77774389
28305,9068887.44415735
25572,5614618.087062007
25613,5207514.58113998
25614,5496788.662635075
25628,7380330.289689801
25645,9348241.992050251
27166,8916480.781658562
27224,7722206.160942125
27511,9477304.71625192
27671,5905945.886218451
28297,5562720.438187513
28301,9390583.567670984
28710,9348241.992050251
28716,5606857.757187194
28736,5128276.981181188
29253,7284182.694391527
29254,7144980.030110655
29255,7920470.6910721995
29265,8740487.367591793
29270,8912717.953784944
30101,8999542.342090176
30105,8800665.501411853
30809,8953602.852462448
30812,5960486.736317786
31612,8916480.781658562
32609,5439132.013866547
32611,5960486.736317786
25573,7996850.786598805
25574,7080644.188605452
30803,7469120.336034887
31135,8198873.311967975
25575,6958572.391474587
25576,8258145.0913939765
25578,8441057.385914663
25579,8441057.385914663
25581,8456094.377074495
25742,4076647.662581419
27459,8378414.077408446
27591,4275222.377612423
29264,9137539.078025281
29268,9138490.904790033
29269,9342980.285745166
29673,9243119.506442513
29678,11194196.562984502
30076,8993717.623280967
30077,8972172.717543704
30078,8968056.059545914
30079,8943895.259157347
30080,9014508.447547652
30085,10904605.976221848
30100,9247845.175778087
30437,8990905.988822933
30438,9014508.447547652
30825,9226595.751942912
30830,8193531.766109161
31639,9285310.16089917
32212,9226595.751942912
32619,9246261.467327744
25577,7951309.343291559
27460,7711371.391414095
27590,4403048.194217057
27608,6564062.321964053
29266,8300453.45046863
29267,8207670.140709648
29660,3374957.914022897
29672,8284305.292035761
30098,8315581.850498583
31137,8164676.362317517
31635,8372096.09373694
25580,7473448.430235509
28542,7596640.030915761
25583,12829390.692922678
25663,13776328.607925905
25664,13512463.650121033
25668,14793528.251273869
27521,13661319.133763203
27523,13148532.685323646
27527,12767866.371418485
27573,10446242.358374584
27603,9422398.169329895
27606,8927929.963259395
27612,9290513.462653425
28718,9568833.141852532
29237,14393714.598486748
29652,7542536.42996202
30459,13251766.88967706
31609,8914521.186225416
31648,13902110.758721774
31650,14757731.632600302
31651,14750773.46880348
32206,9533098.71960683
32220,14788309.688034495
32605,13148532.685323646
33054,18308156.58673206
25585,10311956.196750976
25588,10814070.686535982
25590,10659989.141419822
25636,6954658.856167636
25639,7370960.388103505
25672,10608924.661574893
25679,10621557.306180576
27678,10256503.704275327
28300,7377975.407949308
28961,9956982.082244517
30451,7382026.091359483
31615,10635874.54883259
32221,10858698.319796503
32620,7381363.92646024
32828,10353571.581908373
25589,9103788.341975078
27445,8373006.139427186
27469,9358407.90469918
27477,13395622.599463448
32593,12816628.667633433
32600,8654612.098096974
25591,9944013.897029303
27473,10781695.449290833
27475,10844817.556800812
28730,12246245.901128959
28962,11235505.081382472
25592,11137793.895305999
25649,6500663.050812914
25673,8807484.260005448
25686,10218562.646358062
25687,10769531.97012491
27471,9329271.461204927
27474,10052805.881999811
27480,18342559.37646827
27530,7510358.82675969
27563,18725553.368782427
27676,7546532.246340574
27677,7974738.255399535
27682,18837112.1405851
27683,18931346.396837387
27917,9312131.036230557
27918,10578408.900571903
28963,10647143.434302632
30836,10229566.423825601
32217,7482046.555190935
32628,7767154.174762119
32633,10788819.375680981
32642,19031171.723274536
25593,24467897.540026817
25677,12113462.939908981
33029,14540975.221353248
25595,26314983.309625335
25596,45389773.66521557
25711,17437962.180986065
27669,12884543.790836982
28122,9864078.379920444
30444,79982875.06647286
25597,10653263.558632232
25616,7021869.531920377
25700,13977577.501428112
27167,11062114.60464169
27557,19298782.457193185
28436,11192947.79566734
29663,7109095.60084323
29677,9013706.398718666
25598,8284472.763147348
25600,9892124.5349871
25615,5988023.234849101
25744,5006872.828824385
28726,9759027.786870008
29284,7692108.613987503
31620,6046802.478069824
32612,6093338.645966651
33049,9407013.512948383
25601,7366492.435021872
25602,8920242.07519697
25685,11103160.372101363
25698,13058291.533119053
25708,17046169.00567648
27325,11252474.426737566
27549,11464339.710410412
27558,16470669.644520376
27559,16667900.626795385
27564,20506927.414342105
27916,8591128.075477494
30116,16703778.425875196
32638,16376036.57619747
25603,7974112.284618116
25604,10480717.215162758
27602,6958253.69011399
27921,8237970.280505789
29281,8736108.820692485
32198,10726662.647423483
25606,16428800.850317413
25653,7577105.151453948
25654,8271022.661502393
25693,10983583.630719207
25695,12604035.550541002
25697,12534017.589772124
25705,15597626.118812658
27456,5992075.908075244
27466,6761323.660245046
27476,12517829.842299467
27479,15789179.880256237
27524,8313629.787598253
27540,9502747.555940775
27543,10724532.887348482
27545,11219069.294520577
27550,12534017.589772124
27556,14642457.644646892
27679,12534017.589772124
27914,5699820.752299717
28134,9521713.416174294
28307,15848348.225674914
28446,16166713.903371919
29282,12327116.849596955
29668,5875092.504449581
30456,7707706.489306641
30462,11296215.327321308
31611,15859650.757045362
31657,11320636.665810265
32603,12872127.196649196
32635,12330613.072118908
25611,5793880.395560114
25643,9367853.152084343
25651,9145790.744820515
28295,5756033.006962482
28441,9328762.790323153
30811,5634973.456032977
30820,9145790.744820515
30823,9047762.809265496
30824,9145790.744820515
31127,5634973.456032977
31632,9033268.055764375
31636,9033268.055764375
31637,9164167.751384957
32596,4644914.182706166
32607,5822198.737201748
32610,5822198.737201748
32616,9269078.187275117
32618,9269078.187275117
33025,4644914.182706166
25612,4976197.40720536
25617,6496878.333339429
25783,6796509.634610016
25618,6859504.258968775
27600,6753288.068957585
25620,5867872.238406493
25630,5841866.347122199
25661,9010442.295993946
25675,8334695.273328982
25692,11395079.359610194
25696,11815561.387864398
25699,12160189.93442885
27470,9141695.54629085
27552,12494957.362932919
27555,13031165.053353732
27919,13134430.839268807
28306,11945364.011406472
28714,9140642.059023289
30114,12415531.43876842
30831,7835375.7927316325
31126,12935214.229668187
31659,15166084.402179154
32209,6068806.564903175
25631,7641324.531174949
25632,8701456.742419118
25635,10603914.76312111
27616,7535606.543346006
25638,8191088.423508555
25642,8063187.97158839
25647,9064722.031479852
25659,9377884.075904135
25667,10672627.81276537
25671,10664762.671834316
27465,7464794.837501494
27510,8199233.64917611
27519,8523696.315908965
27525,9627017.684340818
27526,9342473.88890362
27547,12578138.348886997
28303,9119925.138974765
28708,9794866.451867966
29262,7676141.5264863735
29276,9429870.213500913
30458,9564311.718299938
31139,9243923.382702997
31658,12785938.579191668
32211,8347392.533443596
25640,7944884.233025815
25644,7384472.26239796
25646,8613335.185612107
25657,10524883.948482718
27464,10174529.403169025
28705,7834828.042041057
29279,12105698.504380818
32215,9502684.594214188
32625,9451335.507387321
25650,8734791.030575173
25748,5680020.389603692
27923,9647597.828904767
25655,9468659.750352837
25740,3697264.160152777
29275,9010459.602095602
25662,8315573.77336947
25666,9165500.232269388
25669,10128309.742869282
25670,10009236.492906509
25674,9832468.575175896
25678,10453178.434635475
25680,9948689.6221194
25688,12253951.956837237
27508,5974559.498507098
27598,6608394.384407178
28444,10205409.520358887
30460,9945264.8462505
25665,11256385.697899783
25676,13431210.11353765
25717,6943917.276289142
28507,6607435.069213302
25682,16213839.101628873
25690,17108725.229678765
27446,15378339.12180233
27623,7254399.186528269
25691,12996926.937699966
25701,11973270.602809504
27553,10954330.708479837
25702,12661762.529896962
25704,15494945.090666791
29238,7112411.333985426
33036,15700265.903957225
25703,12017287.671720304
25709,15543720.270601844
25713,5659460.785183595
27538,7565890.896610385
27585,9428669.340828946
25706,18905791.143202536
25712,54385891.43736338
33033,47811095.88646033
25714,7217827.475028961
25776,6784134.45085152
27506,7063795.4133056905
25715,9688923.606159076
25718,7722308.301099745
25723,8713799.317111207
25724,9143410.773508321
27493,7240389.982184832
28580,6751307.313613437
30099,7302825.791572147
25725,9563622.83399483
25726,9045081.33118553
25727,11276930.403009783
25728,9401688.079157436
25729,12127167.448539812
25730,6905307.325023035
25731,7671148.869195644
25732,8299403.84186292
30435,5840322.79764793
32631,10480892.794336298
25735,11662101.810935436
25736,10207237.278177563
25771,6688607.73571885
25778,6330147.493774813
25779,6390596.658008887
27617,6791834.525563625
29288,8626907.227037428
30070,6537073.432969597
25737,16807349.96083788
27586,16807349.96083788
27587,16807349.96083788
28294,16807349.96083788
25738,15325954.0459536
32602,12645366.799054362
25739,3494717.703102383
29231,10769478.201829586
29674,8408378.205270419
25741,5177633.83648219
29257,8026127.492823408
29685,8288733.99888678
30103,10150453.926882088
25743,4682584.871851493
27496,4292324.701723513
25746,5584140.539149954
27457,9768469.550432475
29258,11329955.550647136
29259,10046235.236805921
29655,9518533.594010053
30804,9404746.750558175
30819,11095092.813921656
31602,9119756.125940701
25749,6194705.111425311
27572,9098152.443288252
29261,8430600.711679665
31603,7709067.544066108
25750,5958599.12971431
25757,6145028.346963963
25762,6115983.915349594
27685,6046339.521165283
28125,6145028.346963963
28136,6046339.521165283
25751,5768294.322924
27596,5593489.184595046
27599,5745436.494973223
25753,6328652.797535371
28725,11219642.281179562
25754,6362452.947476472
27605,6096424.005981417
25755,5309487.935623715
27601,5793670.829816395
31619,6718940.237589671
25756,5414292.404461863
25758,6027941.597851272
27614,6977846.204641124
25759,6351685.563342948
27595,6082294.350090899
27597,6634044.494302565
25763,5831036.955698055
25764,6382378.015764751
28451,6121516.888679662
25766,6791365.726670203
25770,6879931.651403983
25767,5804641.768040527
25769,6535802.532865944
32204,6308980.352845283
25768,5692779.121178315
32192,9048458.950466854
25772,5784511.846277562
31141,9865492.771097716
25773,6230123.600251615
29684,6749379.387196513
32189,7171270.640658249
25774,6215500.300045513
25775,5873570.639199909
28449,11142205.859669136
25777,5710751.489085733
27512,8522857.748666188
29052,5580298.8927256055
31610,8522857.748666188
25780,5845778.04376894
28720,8411645.093672967
25782,5577448.177382704
25784,5457822.766524408
25785,5530686.691479896
27622,6055766.216723465
28170,5677928.369954047
25786,5889535.019171336
27924,5627272.594053432
25787,6092966.958370413
25788,99832017.07165523
29461,78807536.31957933
30354,33993133.36575013
31979,55565282.86077871
25790,6129381.4535342315
29093,6175608.305219535
30249,8280933.195034524
30942,6175608.305219535
31860,6169070.657838671
25792,12818461.429815661
25796,3163986.997975102
30244,3163986.997975102
25800,4923324.184152838
28203,7468891.08503993
28374,5571065.865036134
28376,7036272.952229039
29031,5121142.292829119
29106,5477159.597256435
31229,4806171.781075722
31336,5124377.596803957
31895,8278381.607310079
25802,5951075.241547381
29539,5951075.241547381
25806,12498911.040740822
25808,13133115.269306518
25809,11028695.103395684
28835,10982501.149189044
31902,8390559.476354314
32813,6047126.846089938
32859,15889998.057947902
25810,13874933.699087288
25812,6981616.916613277
25813,13550282.65887032
25814,4679402.385329818
25833,4725842.931026083
29092,7526269.40135855
25836,4868308.075755223
25838,6313696.838306871
25845,6412098.222863454
29107,6161463.138761519
31491,6053419.995809273
25842,6776137.705333094
25852,7437401.925248668
25873,6771296.462292756
25889,7587406.585358105
25901,8995841.181273479
27872,7340621.23186715
32785,6856257.92327227
25903,10636916.850928446
30570,7099762.960206829
30943,9990419.082612969
25907,9252690.543114502
25912,13501811.590171324
28852,7579998.926088976
25917,9273831.188360158
31898,6895013.958072784
32365,5239283.840386528
25936,21088400.480243217
26064,32279330.3100081
25942,23082457.52969882
29820,19270145.491513524
25947,49725983.3076422
25951,7124839.767218667
26013,10197637.839909928
26014,10142963.039563464
29897,7914624.267358251
29898,6809972.647211069
31026,10066004.193853304
32009,9702268.131084725
32416,10970861.511147907
25952,8295801.628099363
25973,15338439.348408682
26039,13529632.567673843
26063,12285588.970762411
28868,13529632.567673843
29503,16127254.100621331
29521,14683963.93293875
29911,18294650.82418279
29913,19233420.14341841
30335,12247842.688303798
30656,14575199.211824348
31033,14321909.977790952
31034,18495146.813942797
31280,16907175.300601207
31355,16835070.753094148
32020,16938615.498080913
32403,18351031.492944203
32431,18308038.294873416
32901,18508310.98562285
25957,16376072.068755446
26047,11858460.862770952
25958,8426405.055918349
26040,17471780.48126857
27892,8836252.527226478
29833,15983361.708167465
31340,10724614.02889945
25963,16458873.28894443
25968,22379987.91126702
28587,20807596.71841135
32883,20726639.03575304
25972,20640107.111263216
25977,29143050.92896374
26049,59254945.24823142
26053,31720131.9660689
31040,36298654.34882706
31328,26082594.40979688
25974,20902833.64716664
26029,18829474.77622852
25983,6205574.822352816
29924,7613732.347823191
25984,9202110.380778175
25992,16167236.128683072
26002,8961635.83006591
26003,9869370.169070832
32393,10005156.685616834
26005,9671226.725802172
26006,10186496.063133419
32394,9637990.638498088
26007,10830344.490157478
26017,11512654.553671949
26020,12218727.343851743
26052,18892118.593726587
26062,6894724.492669013
26065,7968458.662702052
28115,8881766.765824154
26067,10087188.822791511
26068,5422277.968700859
26069,7355497.547294451
26072,10151971.98855619
29832,10730276.263420075
26074,12359908.028051272
26075,11251608.09182717
26076,8435141.347063666
26077,10053346.942904815
27895,10830242.780750494
26085,9453141.833743965
26089,44489583.14363208
26093,25986376.497590646
26094,31878721.790517434
27839,70553644.510304
29987,61038733.67482752
31425,18007549.79824268
26098,9972161.273455497
29993,8204272.0668562185
26099,14777885.931504373
31073,11413093.064683525
26101,7257610.439271991
26103,9055555.773975026
31058,8912911.380147865
26106,9248333.222292313
26112,11186932.330222476
26120,18219914.373399768
28888,11189585.867326645
32069,11189585.867326645
26121,24028879.73710841
31436,27844714.22116511
26125,44511127.34729037
28054,22618342.662693173
31419,19750059.49075095
26133,6642122.806577759
29386,10787418.59272571
31059,8414847.467760593
31466,13893147.928005897
26136,7695859.453788623
31060,15369818.300964342
32956,14044473.665040625
26137,6454942.83927413
26138,19976702.62386291
26200,16249132.341536902
26139,5956515.814730124
26142,8409771.021731984
26143,7139451.828396472
26144,7385469.119910425
26145,8109017.634730089
26146,6916375.201718062
32930,7221852.652330068
26148,8583068.658306569
26149,7959193.1043165
28648,8026584.325117256
26150,8850617.871570012
26152,7549929.54599488
26153,10110037.623367425
26155,8385532.674014066
26157,6867144.365435138
26158,9154051.909817733
26160,11912569.574795084
26161,8575358.932644928
30711,12138103.090002194
26163,9335516.782847216
26164,9587194.285835952
26171,10690993.176876405
32094,10646489.990312584
26178,9095060.898485545
26855,10175095.711854002
30692,9688090.669613583
32064,11080670.305723954
26179,8228779.790362811
26196,10989700.427686036
26198,14263618.08784898
26202,22747259.281060625
26206,14096249.094387887
26210,18813374.75759974
26212,27761578.946934074
26216,19798184.24360832
26225,11497061.56012079
26231,7874888.5560530275
30753,7832172.492631611
31093,15714967.106136594
26237,6880068.098739484
26238,7942743.73763875
30035,15536378.804264178
26239,7283326.518233036
30388,7102003.426516978
30396,7057820.597183109
26241,6283042.296060649
26244,7417499.264921295
29059,6865368.947815113
30754,7524009.273972288
26245,9683390.777075443
30742,9042219.638869243
31951,9604219.160273558
26246,8128113.344038866
26247,7975147.772603516
26254,11359201.348246956
31483,9951062.237220112
26258,5713409.6001043
30013,5750801.549522636
26259,6490067.467391957
26266,5914996.7592475405
26268,7574097.580873542
26270,7455042.8960556565
26272,8887843.472574858
29336,8887843.472574858
30394,6376072.724079091
26273,10963162.593445938
26274,9253048.86192411
26276,8408290.572351128
26279,9752455.176748367
26280,7651224.062846047
26281,8348227.546035383
26284,10813368.9543117
28675,18041595.00519053
26286,9891954.687156584
32532,9866044.292075187
32982,8821662.394861626
26287,10540066.001745671
26292,9004454.479673898
26294,9475269.695023116
26299,12499861.090166155
26306,13167985.335533727
26309,10895996.726555005
26330,13545815.168681005
28421,13315303.77344785
26326,6001166.232732191
26327,8046708.788506808
26328,7825831.703319868
26329,7063479.754011301
26336,7598321.387640648
26337,9818731.058057243
26338,9547091.41258793
26339,10588425.225925507
26340,9864179.705398142
28090,6503167.639861252
28275,9822316.22108053
29334,6906905.587763649
26341,9072389.649255777
31487,8549954.88862337
26342,13170722.749968518
26347,7851213.73373705
26352,6109443.745430544
26356,5871812.017212227
28573,6549344.232585108
26358,5915672.376717206
26359,6677933.195902814
26361,6538359.796142303
30028,6551603.585751074
26363,7169500.535716799
31502,6929546.592740228
32528,5741230.238363803
26365,6209867.709385667
26366,6172730.705890561
28925,6066903.517692122
26367,6778744.4677595645
26368,9809148.231249003
26369,7354661.1356843915
31085,7170599.3769875895
26370,6324935.585616265
26371,4498386.014818694
26406,4738493.329697991
26407,5609589.972273735
28075,4959690.613125684
29045,4738493.329697991
30281,5899426.741030446
31929,6192928.931502724
32381,5673770.306110871
26374,5472824.727252286
26375,4105732.1048007705
28861,9171631.454299184
26376,7255923.692311585
29048,11858022.5985855
29083,6904022.287873445
29530,12315887.738589475
32847,9438247.016790116
33185,9947653.158274718
33190,9678583.43912361
26377,4307088.254241023
29084,3797562.383405589
30579,5237996.774399302
26378,5572360.658165025
26380,5692145.282087653
29531,7039732.779274309
30984,6808049.944926047
26382,10991463.723406112
26383,5913633.997123852
29044,5680208.776001772
26384,11496623.417998573
26386,12548590.253657151
28076,10821108.217995415
31925,11439709.094167333
32378,14273589.83772226
26387,4934667.486243285
33188,6021814.364564024
26389,9572028.138820058
31941,13220721.24664821
26392,7049935.932384315
26394,6468511.213998912
26395,9969902.537557784
32849,7870823.631434169
26396,10811065.308170635
26398,4730010.805051388
31246,4640501.559821579
26401,4463975.627007919
26402,4909493.276688475
26403,6209740.309047009
26405,5391773.644877598
26410,7360626.858482051
26421,7736026.994808346
32338,6716999.238405156
26426,9890370.018932423
26437,42518873.02902611
30196,55843945.46992638
26439,13544594.92757635
26442,27316817.93498471
26450,10659554.041408442
26472,12869085.734225253
26475,13872038.346492227
26500,39492739.17296627
26511,33934854.77513174
30208,44969503.19122815
32327,35321498.33776481
26520,45436739.31377641
28359,19263992.294753127
26521,80242470.39930275
26532,33633031.70577907
29012,29714238.175145276
32761,84136286.36283535
26526,39882273.16033325
30542,26084400.272752833
32337,43490124.31348328
32764,26608206.58330424
32765,20023271.09666893
32766,27363793.80638668
32767,29578929.797567535
26534,17643815.35021222
30221,48158166.8338609
30534,26183732.439923897
26535,12172337.43282253
26547,9360594.965810852
26538,8898032.56147029
26542,7750815.148065499
26546,9153156.02776401
26548,7353601.653174412
26552,10789777.36022807
26554,10391785.801520264
26560,11092773.150941094
26569,11617501.304271555
26571,8914515.593674645
26583,25747579.374733433
26592,47465753.666481376
26605,64802798.070290774
29474,37071285.53397953
31053,65418482.58426475
26607,96356823.91689645
29815,79054409.09467348
26609,80574454.74200061
26728,84086655.73250437
26742,87061417.84204838
30347,107217744.46957916
30671,77192751.73729488
26610,39367512.26007517
26611,21662774.57844696
29484,19753253.265631687
26613,38488319.9202721
26619,8545910.397001332
26620,16698215.908317212
26621,11491752.71371576
32913,20549001.587196186
26622,11545977.388442319
30352,9867062.795510331
26625,53870325.13211486
26638,182484453.753374
26639,33641454.14735425
28236,36776463.978975385
29939,20706816.746460762
26640,143739233.1689494
29441,122670958.22939003
32909,106907783.36575665
26641,12212345.964920823
32915,10063506.969144098
26642,13873503.232195694
26645,11896430.56103472
26646,16072158.853374636
29785,15048286.012432007
26657,12037664.277019763
26664,22000386.724444658
28875,10217036.200746415
29452,11316402.211498715
31395,11037512.588213677
26665,30910271.01324273
26668,51020598.57580605
26671,44162033.323175035
26675,29118597.608703338
31378,22681296.907189015
26677,13739939.998461336
27486,5907142.179030205
26682,68836514.7497167
26688,90043629.37757352
26683,70493350.27736041
26699,11994521.845863989
28938,15118710.204295319
31555,14461152.66101586
32157,17296675.457679037
32548,11904876.899078133
26700,8362460.788968011
26702,7771364.2831435
26704,6455719.962676662
31539,6699849.241133232
33022,6293094.408743537
26705,9690551.474684777
26706,8496977.63610582
26814,8567173.07733047
26970,8965134.994686566
27960,11170143.78676918
26707,12941924.223756067
26889,6376420.178318575
27760,9895580.844985204
28947,8820072.491240561
29308,6239117.31162133
30063,6747453.361138522
26708,15664867.086990273
26891,7128139.771079925
26723,104459512.82034245
26737,190087294.78723568
26748,110908560.22731458
27769,105910600.4268339
31975,105359781.78939927
26731,45621836.839698985
26734,17020564.733774368
26752,25445860.65485047
26754,6137505.036981067
29699,7600349.121195185
30051,7735134.776112528
26758,8536747.510730984
28943,7656594.597697821
26760,11461721.212058814
26762,8751443.423362212
26764,11778635.836978946
26767,12658663.68801737
26769,13395713.124641402
26811,13124404.993431903
27753,9960301.906415762
29698,11949147.13377409
26771,24731392.840621125
27752,12889049.713246198
26772,15985852.642601663
26776,9581653.146601956
26777,25655168.840720598
30059,24438801.504272204
33007,13117617.117142474
26779,10225336.38634084
26780,5893054.621401277
28428,5927293.36795354
28699,6371473.06283896
29687,6152414.828152936
26781,52739475.20327278
26783,20811044.066744804
26786,6052982.1956727635
26787,6012026.370092444
26839,6441240.318391516
30050,6431763.923143205
26790,7462072.106949943
26794,7742638.292157168
26795,7778769.559713942
26796,7134388.813494398
26821,21010358.08561208
26798,8361774.836775018
28521,5957650.688184413
26801,7814007.7803894915
30772,7030995.080131451
26802,9991697.066094093
26808,10370124.211668994
26809,11583150.403696328
26810,14831423.174654521
31538,15595472.795719765
26815,12842473.911458047
26816,7206834.6207332425
26897,7238371.692295709
32175,7358996.283919109
26817,6881925.239859424
26818,7785622.031227644
26819,8590838.208164204
26820,7470360.387209557
26823,7020243.461657592
31541,7020338.877272884
32575,7020243.461657592
26824,4655470.683228018
27741,4939152.676297255
26827,6024700.368899714
26829,5327964.0305900695
30424,5152429.333386661
32999,5626072.850046673
26830,6276856.9914854765
30430,8035701.350039304
31591,8356977.01191306
32177,8318897.208919749
32586,8103245.767634841
33011,6276856.9914854765
26831,6138036.207210344
32557,6253497.7166533135
26832,6111494.387422728
26833,5620977.901345869
26837,6937009.292914028
28941,7095682.539473298
29701,7095682.539473298
26838,6291738.380515325
26840,10474492.577199843
32184,11275120.39685014
32197,16545860.378007717
26841,7051552.130160819
26842,6080965.79812473
26845,10810447.520485332
26847,6663932.493519118
26853,5982463.278047588
26854,15040870.916633764
26860,5042526.919632077
26865,6057266.439983997
26867,6117501.687014015
26868,6065843.273988719
26883,7492207.729285429
26884,6972954.695000779
26886,6466302.583006925
29309,6283122.31195754
26887,6353112.640976959
26888,7436094.7039763685
26890,5943073.7715873225
26892,6242391.058794087
31535,6271650.552321891
32555,6271650.552321891
26893,6749321.4929185975
26898,6082856.492102908
26899,6306516.4646354895
26900,7236116.455620354
30418,9001656.994799286
26903,6979137.898024597
31588,6858990.522614058
26904,7747386.6868013805
26907,6868000.447436729
26908,6223324.819250207
26909,6976645.575582148
26910,6947171.174563492
26911,8696977.041041007
26912,6944719.411073591
26913,6308455.541894365
32996,5816985.9343322795
33020,6854864.33409403
26914,7567226.320096367
31597,8141945.092791909
26915,7631315.700741322
26917,7301953.759514097
26918,6563825.729898434
31116,6455628.965255902
26919,8171247.990636888
26920,6793774.119449711
26921,7405141.394491112
26922,7884736.169971173
26923,6299645.839463853
30057,6371520.314668849
26924,7075084.551956993
26930,9927082.565475618
32160,15256660.100599973
26934,9772088.185983537
30066,9543707.170016116
26936,8850292.339275083
26961,9379687.694334289
26937,7960087.910955427
32173,6614519.005780267
26938,9242199.266677719
27756,9916097.788081761
27968,10460532.022946559
26939,8136819.768865711
26940,9741734.826847296
26941,7556166.449602735
28703,8178552.502390123
26942,7065767.96156616
26943,6761595.79481447
28942,6400669.7636238
26946,12258378.865565075
26947,8016443.872644116
26949,11489762.342031399
28930,10843423.115433259
33009,21800769.933757838
26950,8458246.322367024
29704,6873735.356269792
26951,9936789.132385025
26953,10369159.208252491
26954,8931308.36896457
26955,8953335.238180814
26958,7869975.7884999635
26959,7416109.3655864475
26962,8029277.5210989695
26964,9353405.98816969
26965,9502561.689106846
26966,9074731.472583242
30604,7556913.733573098
26968,9255008.111799628
26969,9349540.76615059
26971,9012295.138903368
28681,14226467.33791703
26972,9157739.369572772
26973,16192366.405733127
26975,6159557.754625313
26976,11094098.649519252
29025,13840951.222635739
26978,18875053.515563104
26979,17040798.72586358
27005,11599239.720710162
32349,13988222.244385002
26981,6859460.836078323
27026,9833644.97937218
28039,9128899.224697776
29117,10754053.849877756
29562,5576696.232268982
31219,6247906.75647029
31841,5535742.043767612
26985,5057261.058152799
26986,5832320.728589409
27013,8369987.19711223
28829,6251530.212991187
30936,5832320.728589409
31850,8487121.901560219
32357,6167117.895744653
26987,5873050.3065054985
26988,6584546.141015256
27008,6639726.482398245
26993,5255428.665456507
26995,8103671.299749406
30550,8169406.452930532
26996,8013835.814648769
27000,13287611.073135434
28830,8174122.152917526
32774,9183855.62732513
32781,8942559.132823125
26997,7215887.237968908
28173,7720187.523701874
26998,8388974.115465337
27020,8536276.558964016
28828,5295514.565634814
30553,7516184.5520517165
26999,15339794.285586843
27019,14347195.064427136
27002,9771734.477907041
31840,9771734.477907041
27009,6324940.90000938
30554,9866851.773999767
27011,5568830.258280932
27015,7327030.682399228
29560,5865216.887610247
30234,6876393.047393239
31834,5807471.508665455
32344,6078954.232616749
27012,4660538.785573839
27014,9966758.810648307
27018,8856964.416160367
30939,7351723.169542407
27021,10119796.76143878
27022,9089603.725224707
27025,11138760.352629855
27028,7638126.127463517
30916,7638126.127463517
27030,10490684.711151594
28844,11258098.684724174
29116,8724390.482677665
29556,9115808.066690668
27031,6527761.526146351
27378,10382736.438630516
27483,16248348.966739465
28147,13911942.37475466
28985,10589475.45281351
30126,9869938.953169169
31704,6685561.246115812
27037,9578598.550465548
29006,9078053.901922658
27038,20225218.039769042
27042,12529182.007924631
28832,5568369.52641071
30555,14757562.906697212
27044,11637815.898963697
27054,13696080.06385479
27120,12185573.870929234
32311,12719282.347226238
27057,7381201.67381821
27061,20124147.703278333
27065,7459343.4551328765
31771,13197210.449479207
27071,13201766.70295777
28478,8296818.942548465
28788,11974793.780722914
27073,17635467.197840236
28997,11641701.590828087
31777,17439675.50922195
27086,7619901.808982021
27087,10579444.443502743
27088,12814046.524997538
32719,14777879.545431152
27089,29646805.991041467
27731,18645989.776589997
27093,10006933.556493243
27094,8709993.851677127
27095,10789371.209093522
27097,12029151.113500144
27943,15159748.594099058
27098,7985838.060938941
27100,7313398.007063458
27271,9448897.581232531
27104,15357452.489678044
27111,10528676.027207924
28467,14785455.951660419
27114,10225862.151833082
27116,12163275.094616
27119,15239220.105185397
27121,12652350.608800426
27123,16313690.023202546
27124,13120909.832827084
31752,8760492.111269047
27126,14900320.126623496
28335,11321299.31353497
30509,17859152.1427966
27128,24912621.111690722
27129,16269224.595731251
31785,15940552.446601907
27130,30518251.084968504
28589,24132859.742422875
28866,17315325.551071227
29509,31100414.773796022
31982,24510022.97872339
27131,11723904.807430452
27132,8036188.864477561
27133,7875838.225943476
27134,8037612.382622189
27135,9621011.420368709
27889,10120764.498721376
29513,16884996.68104895
29875,16261751.457220092
27136,8844155.477918705
28116,11853172.065360725
29899,9928672.026699344
27138,12083138.048517529
27145,7779145.136679641
27146,7779145.136679641
27147,7602171.325018419
27326,7708441.480678497
27328,9461054.977558156
27331,9590430.014002526
27565,9452229.221508725
27566,9431573.973747196
27567,9572099.436149564
27568,9431573.973747196
27569,9572099.436149564
28041,12738465.516233476
28138,9010301.695389591
28139,9572099.436149564
28140,9452229.221508725
28168,9572099.436149564
28369,7708441.480678497
28370,7708441.480678497
28371,9572099.436149564
28486,7708441.480678497
28546,9452229.221508725
28817,13029684.49917446
29593,17988103.06865842
30546,13088810.14890316
27158,24869384.40773695
27165,10234291.49715814
28707,9096792.560724242
27174,7727658.25264194
27176,8803528.798515446
28351,8356398.504909364
27177,9918262.093123361
27264,9845613.621281428
27178,11048678.798760759
27179,15456734.393201329
27180,11203160.89070597
27182,12080408.110638035
27184,17674962.8806392
29001,11985061.510688147
32696,10433350.556794994
27187,30563459.407242812
27192,6273701.660285199
27714,11144354.63700678
27195,6374563.260096403
27196,7272428.454430336
27198,7505071.183717262
27199,7642770.058486556
29611,7240079.945665286
27201,9093459.316159824
27202,7126100.227750215
33114,7491133.237788838
27203,7390554.0233059125
27204,7753074.059408635
27205,7786897.905543067
27206,9489392.130207831
27727,11475904.881916055
30184,9489392.130207831
27207,6011737.693849668
28789,10935602.979722213
27214,9416717.281423688
27217,10355871.461413046
30275,9005215.126757592
27223,6733723.016560416
27225,6214747.517360191
27226,8798772.210167812
27227,7272412.946018147
27228,8187454.39938897
27229,7649765.347062974
29186,10863268.632284395
30168,10186301.462874364
32688,11534963.49383125
32693,11032021.164079124
32707,10744960.428815115
27230,8333226.018556603
31765,8395055.171698842
27234,8364080.914250744
27240,8392307.346784836
28162,8446953.05874661
29170,9215827.523842083
29187,6626447.126049323
31201,6752028.064602736
27242,8894725.874507077
27243,9660772.681149393
32290,10246189.450341687
32704,9670184.983967593
27245,8826801.317988094
27253,8866547.001303595
32287,12689455.05999722
27257,10836350.16165766
28161,11066345.71675298
27261,10664715.857053816
27263,11071434.809002522
27265,11066570.666421758
27266,9218443.703742992
32291,9043374.974969847
27267,9596286.64909561
27269,11199391.167483823
28165,9729461.184303837
27270,10165196.634442793
27272,10952908.36932489
27273,13615827.372186748
27275,9755836.186431553
27283,9105066.78549987
27290,6759308.993805439
27402,4933175.81567413
27293,9024889.639529783
28742,8483319.372910012
29222,8892486.983551327
30479,8860812.659808047
27296,11257350.95098248
28743,9852914.4652839
27300,11762116.976883108
27302,16976127.42278874
27311,10387566.180161769
27312,10131610.01565582
27341,10588812.129289877
27317,8289346.913199584
27320,8008566.4665630795
31645,8666756.17992716
27321,6934443.406400454
27327,7856080.177707147
27329,13265191.234426567
27330,13352800.744938206
27571,18367803.333546586
28362,22442947.25249619
28366,31063693.455906108
28385,16058510.582225394
28544,13047355.223910691
28823,15935749.787897779
30226,15671822.63478047
31830,18708262.883538786
27332,8209479.136306536
27333,8025693.937579785
32245,8333709.321903078
27334,8297296.109551621
27433,7802163.142147574
27335,7754738.183889303
27336,7920709.335454968
27338,11801912.05905441
27348,11110876.368754625
27353,14383729.086062472
32674,13453603.721676499
27354,3551479.0138938767
30245,5312701.431926178
30559,4015978.1953835953
30560,5358927.105273598
30561,5303511.518117911
31861,5637373.613570364
27355,8735803.390354011
27356,7765005.9673202615
31150,7759879.695807806
27357,14405390.27017933
31680,6196029.438525388
27359,12377557.023962827
32261,15766807.451237846
27361,9333469.649459368
32665,9333469.649459368
27362,8443729.378194787
27366,9567127.804872632
27368,15550298.845860599
30146,15483172.650907272
31726,17331882.203249745
27369,13922405.804218808
30484,12479728.76124534
33080,13922405.804218808
27374,15878153.679306725
28149,14467694.563911004
27376,12727581.829596458
27389,8306391.789874405
27390,8761524.14596461
29634,9064068.644152965
32670,9018216.227985943
27391,8359538.5480426615
27393,9453528.58806509
27394,10821805.302064544
27398,15035207.649835221
27400,6642916.529094625
27411,7419410.772022529
32266,6676674.15710635
27403,6017141.4432507
27404,5821879.476595028
27405,6107629.612903013
28327,4343299.845227295
30853,13099018.504784334
30854,6015759.360206033
30855,4755335.584262017
30856,4577558.033136499
30858,7689808.6391304415
30859,7435401.625098188
30860,7450176.289993243
30861,7157910.72809663
30862,7514208.090126666
30863,7528712.616656933
30865,8822024.359605964
30866,9870357.405705173
30868,9957412.474357788
30869,9938387.840253849
30870,11381425.991667015
30871,10227322.171928862
30872,11617999.884619484
30875,12840748.041727858
30876,12773961.105560599
31159,7650629.330284902
31164,9942985.904778006
31165,10161635.333440509
31166,10191279.367701815
31167,12261009.63267889
31168,13356174.985174095
31169,12998686.467675544
31684,4764126.522593603
31695,9652844.044632219
31698,9971992.083916377
31703,11999480.741419056
31708,13365819.644766342
32242,6649667.171023277
32246,7255490.495976533
32247,10177890.681610256
32663,6649667.171023277
32664,4722085.956690648
32669,7435401.625098188
32675,12435703.16121279
33078,10191279.367701815
27408,6610207.628537827
27430,7410063.201319631
27410,6030791.361002162
27413,5693281.760232229
27415,6330917.15376214
27417,6724257.922964722
28975,5924378.043626041
30123,8946105.342315195
32680,8849442.46793311
27420,7692172.664493025
27421,7403851.113654496
27422,8091368.73034411
27423,6513463.054797738
27424,6331858.704037773
27425,7021271.479550574
27426,6016711.874966527
27427,7499921.328612686
27431,9626437.29930868
27434,7028571.412075271
27435,5734089.804207503
27436,6672903.499829007
27438,8506708.309237981
27439,8316558.757878648
28981,10854766.667937389
31683,11855115.424468722
27440,6821539.332463645
31149,7138378.881384598
31666,7138378.881384598
32648,7138378.881384598
32681,6905670.332156366
27448,5470507.765406734
27450,6157769.15182209
27589,5151018.124422824
28712,5962640.418077408
27458,7236430.603663212
27462,7087474.118077365
27467,9090531.185478296
32595,9527862.589437561
27468,11497362.002583144
27541,11228391.196960952
27484,27996170.15641529
28313,14016422.83274242
28751,13966062.53016426
28982,14462789.156493548
30877,15753623.216364142
32678,12852953.966093307
27485,13566897.943761922
33088,7467034.228815004
27487,6844700.995805435
27488,7621051.827623745
30477,10152486.684447728
27489,9956536.892051216
27490,5663755.912142679
29658,5663755.912142679
29661,5727056.807276509
31601,5875069.436035386
27491,5746462.642568673
30817,5646695.6382662915
27494,8366714.725565341
27520,12078172.016533595
27497,5047741.818386206
27498,5500066.1631575
27502,6793596.008449776
27503,8416988.139717363
30806,9468761.970550604
27507,7827272.279707655
27517,10303370.555512112
27522,8820593.99228516
27529,12214955.72804633
27531,11568806.76737733
27533,9350229.488810346
27878,7704098.240258918
27536,10111492.04118308
27537,10880669.201930529
29280,11698801.659066077
29680,10676951.918124251
30113,11686869.91992395
32630,12150662.72401566
27539,12481200.270940974
30833,12481200.270940974
27542,10765052.421216628
27544,11878673.867389338
28964,14545157.595722958
31661,20341163.390781086
27546,15729279.006471483
27548,10779324.069263987
27551,14352519.366348986
27554,16138640.420732018
27562,10868111.121312113
33056,14085645.630109875
27560,12571407.56475153
29283,11398707.253152963
30801,9353611.283848964
27561,13742108.904349422
28709,12386640.193444638
28729,6666818.831778698
28735,24813234.004781105
30843,11951758.405030891
31660,9873586.139413856
32225,11356835.819353549
32641,9318763.561601823
32643,15430281.210704505
32645,10417272.482898777
32647,10182941.62903098
33051,6426119.115145444
33060,13900756.60371582
27570,10550284.322525755
27574,7025567.97858802
27575,8741164.03380165
29656,8748626.09542954
27576,12180314.546833022
27577,17227285.761592783
27582,9853680.047996467
28732,13162000.067350527
32632,17212122.952091143
27583,11882868.228312796
27588,25838876.222075596
28734,25286347.907740813
30072,13964028.06245038
27592,5160130.893710626
27593,5658429.623031897
27604,6304418.634772559
28310,6182724.887447741
27607,5519418.686836549
30089,5502611.20934768
27609,6029355.983729195
29250,5982452.52733125
27611,6193159.594828397
27613,6146398.491116326
27615,6276569.17824576
32185,6521607.871865688
27618,4972210.976673788
27619,7279984.561757489
27620,7900079.835980828
27621,5713810.336060235
27624,5403637.454671728
27630,16572834.28824116
27631,12518042.031472022
27633,5781606.270780825
27634,11908928.142087322
27635,10437324.676257862
27639,9911139.499151852
28445,10981125.6836244
31655,12620358.109073238
27642,49819321.28242511
31055,53693481.60493741
32918,35464149.57172868
27643,25259794.260562845
27652,47368732.75132533
27655,52952006.24474536
29862,71560571.70574172
27656,18493838.69475391
27658,7491636.258906613
27661,36707647.62919878
29489,42045235.41142363
27662,27019123.769359462
27664,43324090.034779005
27680,15405747.7632859
28958,6915578.361124287
27681,19264157.2699597
27684,10165002.87350042
27687,6400209.951669253
31623,6393419.128306099
31626,6412467.500245663
31653,11604821.970513208
32187,6854782.7693459345
27688,4744278.118885515
31669,4469734.946901051
31863,5066052.386861648
31864,4816886.303384847
31870,8034302.420645488
31885,4898101.279701078
31890,4896797.955992393
31894,4651715.93611363
31906,6247504.726444287
31911,6475197.060229724
31919,6905044.298587164
31921,6208857.193711458
32389,4651715.93611363
32801,4898101.279701078
32809,4686131.329564895
32822,6355357.118711529
32878,6906141.029712746
33169,5444264.9242655
33172,4511404.003453552
27689,7462622.194095662
27690,7483384.440265325
32208,7619920.0862704655
27691,4602834.262061413
27692,6509715.6622049585
27693,6831653.675635618
28499,6908207.542349513
27695,6743538.071829999
32659,10516972.197676385
27696,7850796.554550922
27698,12533976.600879336
27699,14659251.595110893
32262,14337498.066264994
27705,6059743.28841468
29650,6155398.623517131
32662,6487493.135988169
27708,15573295.678157121
27720,15025369.950729523
31769,13447576.171777584
27711,11863090.132852482
27712,10973715.677290278
27713,10845408.550220378
28356,13487826.175998762
27716,7546898.078438836
27717,7351885.858035907
27718,9640835.064896662
27723,9396253.453072459
27947,10656294.69161252
29614,10924053.868297076
27724,11308464.214422677
27725,12408215.600210665
28154,12647647.809441112
30910,13259019.762234304
27726,12929675.269309292
27728,8292606.00847111
27729,12594241.667926064
31192,14701217.470898991
27730,10422214.125871928
29618,10452036.01725284
31749,8085602.985856755
27732,7694245.509745694
27743,6722280.640977276
27744,7701845.175474926
27747,7727064.412013214
27748,10578406.59668177
27749,10223976.289527262
27750,9421522.766088188
27964,8856762.963094242
27751,8997373.425957918
27755,12181480.33269094
27757,10031429.895448353
27761,8611051.927614754
27762,11314574.985293483
27763,26272682.13987873
27765,12850189.578480057
27766,34759961.54312295
27767,48262888.614984006
27768,41025704.276059866
29941,99140473.51140326
27789,11415219.044810912
27790,15717623.398562405
27793,25542840.535875075
27799,6859729.155004281
27807,11296689.201927632
29138,17521451.384299964
27808,12125320.060133953
27811,8826451.305155931
32509,8880348.250862341
27826,10679164.100272091
30756,9552649.715652449
27828,6003642.778456011
27829,6908582.625488726
27831,7176692.39610515
28914,8231361.403270777
27847,11512326.019772587
27857,8396197.9740688
29437,9348681.83089662
30909,9034229.755612772
31459,6320424.545326445
31506,6154877.478824958
31877,5077872.070203447
31879,6465496.594857497
31888,5924744.835006565
31907,8699622.165419158
31916,8042302.280572105
32369,10634278.376949903
32817,8585597.208068294
27863,8577652.859450016
27869,7941062.752262631
28196,7272819.466878604
28839,8643850.743820246
27876,6781108.622356398
27890,9185007.524511606
27891,8924680.357995057
27893,9198924.296375988
27894,10010592.104306972
27896,11270111.951083822
29515,10373587.859631805
27897,10889009.230033614
28599,10753714.962611977
27904,28167340.34585308
29003,13136316.678595502
27906,6688110.9647892155
27908,26277362.99028904
32029,41935705.15938888
27920,23990157.601305787
27922,5165427.653831343
28308,5322623.293565446
30835,11464718.397101363
27925,5713341.102943828
27926,7432220.108352264
28106,8777244.135715794
32649,8172629.517381147
27928,9254007.116625896
27931,8110522.7631045645
27932,59458111.87319998
28468,21349901.025491975
30497,20742545.25051776
27935,15448879.837065106
32316,7422454.595696344
27937,8097335.144449009
27941,10892255.22261937
28780,8211773.6231056815
31188,7803896.676152957
27942,10728907.447130807
28341,6230259.337675101
28471,5959946.905880408
27944,11570166.607973527
27945,15981906.786597693
27946,9895308.86910062
27949,10067829.090277882
27958,11395225.261017578
31526,13051589.880813263
32153,11527917.353401583
27962,9195658.95703684
27963,8254770.257474908
27966,11077854.105630903
29316,12192024.838004349
27971,11445513.182053756
31532,16878517.015172567
27973,19301285.661025234
27974,9699630.732414722
27997,16791861.304952502
32323,23500482.01530997
27999,8697672.536193185
28001,6709762.45767355
29532,6976094.729357491
28004,12206197.262843164
28005,6394302.179173608
28011,6280220.288081957
28012,8490752.829178786
30752,8490752.829178786
28019,5884187.83965828
28044,8791822.730079269
29350,9029529.817651251
29353,9267401.124009022
29354,9029529.817651251
29355,11611987.21196246
29356,11837490.456915824
29363,11347252.154152796
29364,11611987.21196246
30037,9282589.65614405
30039,11837490.456915824
30757,6391396.983400629
31080,9912796.3548114
31474,8963809.11584342
32137,11419656.39528139
32521,11616346.73172903
28020,6489783.226059542
30397,6560683.605077239
28043,11245886.010492694
28052,6735385.092710125
28053,6715963.714633067
28058,4516769.815762177
28062,5872106.717782551
28065,7818299.2377171
28840,8601117.772239814
30257,6129489.186576675
31233,5893353.824553028
28067,8711499.443325227
30416,8962809.810336322
28069,9914058.277374078
28070,4664626.832800778
30432,8007815.961253615
28073,7100187.7845571395
32156,11429182.657334646
28074,9041474.504705437
28078,11963950.797888134
28086,14045421.951504616
28087,8991399.726437211
28091,7506702.477969669
28092,8896310.070163699
28107,16349019.15608194
28117,9884038.539030738
28120,51545570.89794044
28137,6108177.2208010135
28450,6796301.759236097
28141,6113302.9719500225
28145,14002204.583387464
32228,7427013.297606726
28146,46169686.3701685
28984,15385256.415020889
30138,25178341.279922273
32235,18140390.971720967
32253,23319849.576056685
28150,7154982.824989407
28151,7722302.866567077
29211,15129751.401983062
28155,14639826.908516727
28158,11235386.472404098
28159,12622253.128785804
28166,8629071.051289419
31198,6170592.997006989
32703,8454358.277488831
28172,5321363.403330926
28174,12542090.428624716
29026,8967953.648726214
29027,10387680.962840637
29028,12015638.34569894
30236,9285077.907304145
30935,12057950.88228947
32356,14039284.256639889
28179,8704464.251945402
28547,11999356.622099949
28182,12991244.766033245
28183,9956860.674840532
28187,10407508.955445629
28230,9907009.397897718
28184,10496493.492677655
29828,11556560.473330908
28185,9816187.128502257
28186,9644295.39590576
28188,9263641.855365586
28194,7486578.009732539
28195,15641437.716935711
28630,15563535.572991364
29375,18391140.87775597
28198,13030768.635758918
28379,6730535.270797476
28199,9477477.637445157
29032,7940521.3788685305
30243,8700175.217187945
30250,12839447.57731458
32793,12068639.727827111
28200,16956328.16163382
28204,8416043.92566415
29551,8416043.92566415
30959,8523806.075121313
31805,7007061.225445397
32363,8555944.903512875
33161,8560398.741691256
28206,6139014.87617263
28208,15822150.499011299
28212,6440155.689132289
28215,22227681.039149873
28223,15219415.847065238
28225,8871629.166065093
31115,8949257.481060239
28226,7121847.608202405
28227,7584243.098391615
32407,6402282.4897453105
28231,13012002.758243483
32411,14132689.884859588
28232,9113875.844320882
28233,19474772.472275913
30615,18502401.992180724
28235,56916408.29231125
28242,8876397.154947864
28245,8347557.844804996
28243,9744512.25639721
28244,10015500.948916951
28246,7991678.617613556
28247,10278889.979584025
28248,14243974.151490591
28250,17103452.76360798
28249,9049510.033884572
28628,12059360.965105575
28638,10123552.85138291
28639,10123552.85138291
28640,11842017.857166223
28641,10615016.072795114
28891,11842017.857166223
28892,11506350.159700152
28893,13605335.216477199
28894,28732388.063426208
30707,13337939.39018238
30733,8641149.60510577
31434,10615016.072795114
32504,11842017.857166223
32960,9115919.277989792
28254,8218939.60511342
28257,8618422.639510242
28264,6613924.488312246
28265,8119139.466176432
28266,8629917.72494069
28267,8625799.766540455
28269,6831342.113474627
28277,5891072.245876295
28278,6898592.122648612
28281,5856913.495878493
28287,6402883.531190402
28702,8386111.120411403
28288,8275872.777526664
28289,9080769.449763224
28290,9504351.130752934
28291,9071706.773478761
28292,10780190.748231644
28304,8465926.423900228
30110,9165672.05811941
30449,5876733.760364435
28309,5057639.872193761
29666,6164141.395865206
28311,5542739.585669593
28315,9236979.285605585
28316,15986885.397803502
28321,24354898.684013236
30881,32920489.504638597
32257,38959113.69968487
33085,34398364.34123643
28322,28782985.253912184
28323,29339754.89094
28325,46032018.87540021
28458,28760720.08561733
29209,9828685.917068174
30470,28727166.86236203
32265,28760720.08561733
32657,9828685.917068174
33083,46032018.87540021
28326,8831699.210466983
28328,6697108.847241525
28329,7061606.956722054
28330,7070641.8194081485
28333,8896402.647210808
28336,21190479.1604927
31184,19771852.644893758
28342,12942726.70931279
28345,14737980.486053018
28350,8479866.204968205
30494,9926149.7026918
28353,5816854.750197348
30574,9062557.787894154
31845,6681861.983117363
28354,9628211.87749807
28358,24125642.506969724
28372,14225459.662525663
28375,4261992.03788822
31881,4666898.345435881
28382,4499995.11251707
28383,7998992.424913892
28386,10908194.511456167
28388,7816105.045808468
28392,15896048.513648774
31031,17250797.059417687
28393,13652100.451386616
28396,8913538.076844625
28397,8428659.12113334
28398,9002202.886950755
28404,7819162.286556005
28405,7730835.125281752
28876,15336176.940566707
32053,7723225.320851223
28406,8225987.290501347
28410,5845487.752385217
28418,8709261.318284184
28419,6784116.466643344
28422,14473051.85201771
32135,14473051.85201771
28424,10746555.894638406
28425,8784821.757636834
28427,6996688.069204068
28431,8919351.658701118
28432,15259239.960816288
28694,24067395.138980065
28696,18712039.70287246
31556,14432601.9711408
32158,23062729.296022706
28433,9393734.409062836
28434,7092843.434065665
28435,9572572.104302032
28442,9181627.492340436
28448,7053349.476208261
28454,10111910.243583249
28455,7266016.052882118
28457,17760765.866314683
28460,14647621.551129896
28461,5971629.866751793
28463,6495087.487466749
28464,6583624.289770636
28469,75521201.7953845
28472,7524026.269586208
30513,10625413.534803284
28473,6490451.127161993
28475,6940608.280484453
28796,7102880.2492470825
28476,8997193.856853012
28498,7521529.690086431
28500,7222327.987094769
30131,7039836.262360776
28502,9021153.284796301
28503,8005864.884958284
28522,6906013.026809607
28523,7843665.267741398
31837,7843665.267741398
28525,14187521.554183342
28527,16462751.195015792
28529,9215652.394833643
28532,10035301.241720626
28536,54006105.026662834
28537,12525806.920228936
28539,8366996.890213138
28541,7053451.992017309
28543,12268332.489695117
28545,10160223.17882527
28549,11161542.646148266
29566,9884560.555412743
32350,6382567.913342502
28550,13010425.866287513
28555,63640895.13894137
29813,82053279.72135466
28562,10250194.574617568
28570,9357325.689843638
28571,6942616.446210014
28572,7198039.273202336
28579,11519113.55993907
28583,9725707.48581976
28584,9498127.889849251
30717,7887707.753800937
28588,12605587.215650002
32902,14719545.84430148
28591,18237569.207042288
28592,17505139.117854636
29907,17505139.117854636
30634,17505139.117854636
28598,16807888.446917668
28601,14083263.822060654
28605,20352054.361029137
32027,86588254.23045392
28607,8480537.492181117
29840,8696128.2801147
29842,9897985.769358782
28608,15893316.68680802
28609,5639493.642097651
28612,8373312.144207383
28614,8522602.816694537
28616,36748371.19552198
28619,179542657.42864168
28620,34959069.87120635
28623,45953390.12742118
28624,9200045.674499704
28625,5721417.523930017
28626,8413033.25334872
30691,6158220.139243447
32481,6672030.4293629965
28627,15588503.68411334
28629,11641070.423763638
31469,9382080.30179005
28634,13453665.609088734
28643,6659573.248885945
28645,7643575.733364817
29409,7469391.3723363085
30723,7467105.68571451
31450,7536867.836766192
28653,17961181.690700036
28663,6873289.6731440015
28669,7997331.4570086375
32124,8522634.319539113
28672,8260823.120621622
28682,17883430.231351007
28683,7890977.0865798835
31099,6421123.703371657
31530,7652448.244322908
32571,7914524.335382494
28691,11133208.07522057
28693,22158290.36085055
28695,17540517.91041277
29691,15798257.936143333
28698,6725540.665474816
28700,6385726.999329175
28701,8245668.221091658
29293,8434999.703604816
28713,4985205.224100476
28723,7328661.665512756
30821,7115571.893478913
28727,10162086.977675427
28731,11337232.330854412
32637,14465689.249635195
28739,14614523.975107389
28740,36313482.28123078
28969,17616970.94264351
28970,25130772.0899976
29202,17616970.94264351
31170,9636319.903043723
31671,17616970.94264351
28741,6126878.454500187
28744,11660526.983616786
28745,7329369.372194484
28746,8195051.308002627
28747,10684781.071809992
28755,14447564.83172322
28760,12646116.82710014
29640,11057324.817847071
30122,13157428.469662806
28761,8248146.72093319
28762,6776484.241223173
28763,7634762.659652778
30148,7748228.843075637
28766,10964950.18741575
28767,18396979.74374016
28770,18256180.5040864
28794,15214899.660471287
32275,18109093.48676099
28783,10586593.5224561
28787,9788149.268900782
28793,7304132.0379046155
29091,5904350.610154084
29876,6107149.305524031
28797,7105469.535361797
30503,15671173.64166054
28799,9744206.252766203
28803,8120339.843653869
30165,8300074.342299414
28805,17324581.26963409
29135,15012022.078234138
32734,13408248.088058421
28808,11891486.882433683
28812,32893632.840544052
30215,54347338.73476383
30218,37335961.37100323
28815,17945572.224812433
28820,5320697.825678554
28821,6131311.037198847
28825,9341939.65202727
28836,12128610.494076539
28838,5556238.009755911
28848,6268326.534443803
28850,6820063.283159209
29101,10800781.557574056
28856,7889413.156724499
28859,3984023.179993632
28860,5590165.90674806
32372,7335650.014316245
28865,16244108.664951438
29520,18108756.646452893
28873,8619954.67872006
28874,9071596.234626219
28877,15268457.695400639
28878,121939450.01157176
31391,70413120.44347313
28882,24910124.812074974
28889,14113570.622974703
28896,6332119.451867224
28898,6259718.190319005
32479,11119762.439442618
28900,7824970.340324312
28901,10705440.924574107
29415,15762097.365831373
29752,10331969.564613204
29755,13537095.423791537
30003,26453768.923731975
30722,9195403.66849346
30724,10705440.924574107
30727,13159908.99691247
31452,10318894.60914138
31464,18336474.12083194
31467,17590140.178715877
32084,7606712.794864681
32085,7388019.816439599
32096,15873666.340107054
32097,14752778.158522237
32499,18683354.943779584
32947,7161034.958068784
32951,10170333.23948468
32954,15473997.325447844
28903,8895504.049010267
30703,8854511.47689522
28904,9446692.483402865
28906,9911055.766739056
28911,8783515.293504298
28912,8478856.82821119
32534,8938616.00967615
28913,12923203.04520848
28917,13839724.664812192
30759,14119281.338995617
28920,12491213.39895765
31517,12033436.725706298
28926,12457326.459597496
28928,10332549.97662676
28929,6932667.660528227
32176,7078344.756391223
28933,11031315.420444587
30775,11942987.967601046
28934,10278682.103031363
28935,10942954.80231487
32554,9382749.310086068
28945,10782781.298712855
28950,8691179.23039399
28957,7470374.626264805
28959,6918005.773204002
31253,6632900.973649234
28960,9377699.780640796
28965,12836809.374016142
28979,10543421.85203592
32232,12413911.074912066
28973,6418138.816457413
28976,8080248.606470801
28977,6992368.515264073
28978,8243012.825631627
28980,10795655.099978099
28983,17123275.45244682
28988,6176313.922171207
28989,6756670.089370422
28996,9729433.657394132
28998,15560349.372244924
28999,10317937.29220388
29000,11025845.63303033
29002,27416683.873340007
29007,25180284.775725864
29011,17357848.13527556
29014,7621397.553303147
29016,17478534.111822885
29017,7317974.94182089
29018,12195905.911036294
29022,6397039.34758446
32777,6834917.008736496
29023,9138685.29220906
29029,12133650.897399765
33159,7337814.693648351
29030,14202047.89374083
29033,6823186.244631925
29041,5451756.761491296
29042,3955511.106855754
32831,4015401.5566899306
29043,5223512.839931071
29046,7642382.700974229
29089,7739677.077864523
31247,8070290.077288441
29049,7509976.009656618
30279,5417398.92396975
33189,7592160.9960231995
29050,7198328.784018666
30956,6887509.370552559
32358,5056599.109471693
29051,10781911.089030536
29053,9238270.221111791
29056,10794947.8076642
32260,20302831.16264998
29057,21766932.673571292
29058,10665888.943999913
30572,9482345.058670936
30573,9834170.574289074
31226,9508146.604957426
31883,5893598.39027444
29061,15188534.11801721
29076,11455450.814634463
29096,11697508.360577714
30950,14278650.901388926
29082,8163393.68571411
29529,7391783.30369855
29086,5049966.12485287
31940,5711608.30589501
29087,4919211.356793151
29088,7653915.920575138
32845,8517904.0197312
29090,6488536.6054146355
29094,11427729.77638558
29100,6118739.083181519
30247,6660513.938175001
33158,6066989.893634724
29110,8636872.034476448
33182,8490580.36742896
29115,12496899.577645466
29118,7971628.711544912
29120,7116942.96229392
29564,6457247.994867383
30932,6579286.249334184
30938,6847399.753470043
32351,6340923.585890451
29147,19241586.40549181
29153,51539705.691985935
29156,35439578.50663031
29158,11969196.13169106
29162,7631361.651476914
29164,6211692.946656951
29165,7958214.288267004
29167,14245358.364706384
29603,13063089.799462529
33100,16571462.731651597
29171,9851242.339171443
29177,8404258.459232591
29180,14558366.78931717
29181,21079782.70377319
29183,15010153.330217471
29185,10295657.610443102
29196,9471554.971167881
29190,7381508.476880703
29191,7634142.52598917
29193,11882856.031707099
29194,10154729.133909656
29195,7761922.679102876
31773,9460888.928493958
29197,14312154.051113186
29210,9041607.837280523
29221,12190269.839112628
29224,8013867.67498556
29226,4126477.0842180047
30147,4126477.0842180047
29228,6408632.762566007
29229,7015639.5240782695
29235,5998259.530513882
29240,6186686.129122141
29244,4865150.419414905
29251,7286256.65152605
29252,7560685.882273574
29274,8972886.363565208
29278,11999002.76691408
29664,7662946.331328256
29665,7840733.773634598
29671,9536397.507128144
30092,5024919.237949828
30093,6449054.087559025
30094,7575229.218671362
30095,6934277.992208273
30107,9116175.41348268
30448,7748546.751405203
31130,7903591.509994186
31136,9496714.510876397
31614,13335428.962516975
31616,4894880.692903444
31622,7546226.834954741
31624,7029512.1456753025
32201,6613448.661629461
32210,9432658.118559951
32604,9371759.292575436
32624,8936444.67961054
33038,6996804.782661855
33040,7791506.89069374
33046,9579719.544942416
29242,7599635.846672209
29243,7320930.940030515
29247,5438001.870810505
29263,7006017.33092776
29277,8724180.347455895
30829,8347944.428483882
29285,7546842.831039835
29287,6860938.644894945
29290,8316007.523483112
29298,9526446.707435552
30069,18805267.803230785
29299,7239976.258821015
29300,8456567.48724434
29303,8955743.70077176
31118,7995666.826537711
29307,6678751.906575277
29313,8276028.336807147
29315,9144903.132836942
29320,7418333.959136797
29321,11338818.826017374
32110,11338818.826017374
29330,7309654.624089682
29338,7907845.507481311
29340,10037980.408794641
29344,11869307.639074745
29366,7767412.1458244
29376,7951319.910913586
29406,8117725.250392351
29737,7886610.229508526
29377,7616797.701912182
29378,7472789.194886411
29379,17194650.465179887
29763,16479789.630334122
30698,13104893.939747551
29384,6512272.512787568
29385,9678006.531187681
29407,9757426.024287554
29412,10235080.369008334
29414,10235080.369008334
29417,10235080.369008334
29736,9670821.650995277
29738,9757426.024287554
29754,10795406.296797508
29758,11218476.300344838
29969,10364534.585593637
29970,10178218.510076249
29974,11009077.27787191
29994,10795784.309037447
30700,10133029.467969935
30702,11644179.200725758
31064,19233250.084784105
31406,12794526.151463684
31412,9630514.575761506
31442,10133029.467969935
31455,10645068.432060977
32063,19709282.64632423
32484,10344126.207146214
32493,10235080.369008334
32948,10696969.335389825
29391,11570118.81201019
29404,3604420.7966443966
29410,8916105.978713607
29413,9763407.474301308
29429,15097437.54341351
29769,11265609.577949569
29847,26701019.628761705
29443,9048059.243061313
29444,14081931.876454946
29445,9641178.183071474
29454,13144436.795846317
29927,14031715.233351748
32440,15085152.902715633
29451,9947275.482661603
29453,10410026.597397204
29456,10558706.970233386
29460,14090479.656683309
29465,18100241.11899522
29470,17779036.080573283
29957,15720963.857015958
29476,28822240.985248663
29797,30005456.673350252
31045,27481425.78600906
31376,30497071.978576805
29478,19557604.521420848
29479,42778362.85563102
29480,45116945.849669635
29962,45692601.38847185
29482,29198108.408230424
29485,40769173.98199867
29795,33461263.35043854
29492,20293591.364931334
29493,42495831.6570838
29499,30334010.690363634
32912,37601984.83031132
29507,11295379.703489907
30643,10968652.278152052
29512,6911128.349939817
29517,10865719.461134331
31017,8577725.608228656
31950,7947867.369586132
29518,9581965.379544577
29522,23578113.078713495
29916,25467211.84487224
31991,19110986.112597864
29526,4114997.708055097
29535,10869568.897386855
29536,10310790.243339473
33160,7270239.740210009
29552,6937470.638828746
30577,9711721.141678536
32784,7629562.500692607
29557,8927108.824009817
29559,10191541.930149445
29567,18486269.94459879
29568,9012913.810442863
29570,11388092.010917874
31812,13975223.603830906
29578,14343871.426634526
29584,7602774.575569979
29585,16108953.735700957
33119,19682710.344296418
29590,28326578.37417107
29592,9449805.02835323
29601,8301287.533563325
29606,20841182.471656524
29608,13242660.861290392
29612,9286568.037053032
29613,10640921.5490413
29615,13319230.939468222
29617,22787403.96642647
29622,7029751.175356093
29623,8719639.82878946
29628,13807614.569834469
29637,11744351.72156601
32679,12070125.755761137
29639,10497869.632725915
29642,12924701.484015156
29643,11677294.829508651
29644,10903218.572385896
30119,12960523.98503925
29646,14574460.704586504
29649,6028941.737839228
30487,6601690.003458684
29651,6106907.832360856
29659,7388505.626202505
29669,5962224.193733985
29682,8228679.121400632
29683,10381905.994428921
29692,6333787.023287969
29694,7613815.240243852
29700,5808883.404297787
29713,9939183.004039157
29715,11439479.740688933
29718,29690330.81925175
33197,16296542.940413589
29719,7908639.353531508
29720,7446909.798918068
29721,10056543.306482377
29722,10103815.71690428
29728,8193483.641360844
29733,9873268.461281188
29741,12055811.742792198
29750,15636655.460991023
29751,7548920.19371354
29753,10944141.597456902
29756,12730901.464731654
29759,8951752.427707538
29760,15887014.429579336
29761,13503869.763094865
32502,13469529.510610126
29764,11995453.013697257
29777,9917886.062599182
29780,9877816.705367591
29798,31715060.604476646
29799,23726935.03224832
29801,32596788.5063583
29804,24055255.621704664
30303,37689147.66750085
31385,24382760.046860524
29806,45979797.05855208
29807,22560396.93119794
29808,19466160.987743028
29809,34098715.61076281
29810,21653648.58581149
29811,26265028.221702643
29834,11824662.744700167
29844,7850460.393408649
29845,8108677.657508991
29849,44472631.09572662
29891,51823184.82305635
29892,87570401.1333594
31318,42335268.018402435
29896,6511263.589587103
29915,36001274.9696172
29920,18037565.647405952
29921,9569130.119159075
29925,6998681.264669161
29931,11201345.886020383
31054,14350059.752650369
29934,59123381.49703572
29935,43588133.39294939
29950,22109354.47907134
29951,31776822.140607767
29955,58070187.87478598
30355,27587189.151187673
30682,32720172.093686417
31266,22203072.068134807
31971,31747331.75529968
32838,38679524.694332466
29952,24587205.334064957
32842,24244405.652459715
29956,22424025.439865407
29959,34709470.29830411
29961,23265060.903202593
29963,40138051.095455356
29968,9579337.961234886
29981,11438405.877950326
29989,17353630.34164988
32936,12791319.065187844
29991,6464448.716494781
29992,7301288.577288833
29997,9261472.26205823
29998,13965743.597796211
30000,10816958.4114952
30007,14291517.285061426
30014,7390652.007539305
32979,8722926.513488408
30015,9493464.767551703
30018,11290857.105380898
30030,7426194.34861951
30036,16961516.381594826
30040,16819917.364484437
30045,6463000.771788708
32580,6719311.663878953
30052,7380572.258038046
30053,13092256.304177245
30054,10446995.623848407
30055,11977707.30285077
30420,15099991.754310345
30058,14951863.580028472
32144,19049276.956763808
30060,5851102.130686144
30767,5973030.093274477
31110,6080735.866196189
32576,5461942.85861386
30062,6133164.437494252
30067,7546038.256629328
30068,8210263.30248966
30075,7534129.960716577
30084,7989679.4719514195
30088,11958406.310773894
32639,11693739.744984446
33059,7069659.743251507
30096,6147537.65808353
30097,5688442.12163998
30111,10255344.053521644
30112,14382215.788986893
30115,21660849.72200531
30118,12736054.168949923
31694,11690041.378042107
30120,18899800.332142115
30130,14474179.753149861
30884,10683261.05946541
30135,13921545.905698078
33073,9743710.447974153
33090,9593240.61256825
30143,11063782.07856505
30145,8359146.676626703
30151,8429104.669545647
32274,7342837.766727195
32295,8547407.252323218
30158,10880834.53648414
30163,12553439.633591319
30164,26616383.36898139
30167,12523450.119970966
30169,10828712.848569933
30170,12372589.33436992
30171,13189941.865977235
30172,24130773.80623285
30173,15257986.55574144
30508,17842905.837289877
30177,9034988.865772616
30179,20198348.59054618
30189,8580053.391778873
30190,12819118.9426755
30197,7684951.726714652
30198,7307000.735885165
30201,17036835.138026193
30202,22379450.153267592
30205,34916225.63172864
30207,31194501.01953764
30209,44394661.39961458
30220,48164465.3839669
31822,66495061.72210267
30233,5036525.207731701
30552,5773291.764616368
32775,6198041.133650903
30235,7729253.219192292
30241,5699526.515333267
30252,19835551.572929475
30254,5446519.472752677
30272,8653421.08729303
30264,8135193.270950213
30266,6066416.91101983
30268,6808068.793771726
32802,4788437.808526649
32851,6618292.759082411
30269,9363633.822052559
30274,10071692.318749039
30277,8750212.986370182
30289,45684669.593258396
30291,8992710.96519892
31043,10204779.957812885
30299,44562503.670162335
30306,11075233.666933084
32938,10820975.778390102
30311,99610516.6111819
30313,9897547.480578791
31203,9648163.160067162
30315,10407076.320171889
30316,12100345.718467537
30337,7814562.231003196
30359,47441851.32344069
30361,18426633.988047734
30363,8266589.457943142
30364,7222464.462478691
30365,10873851.307945086
32062,9247856.197497752
30376,8446278.64226512
31068,7764130.990669507
32086,7750323.9860518165
30377,7116968.32665639
30380,9927702.122995595
30383,6464635.191579388
30384,8014764.478758818
30389,9783177.178692408
30398,8169348.993809347
30399,9438979.274947152
31003,6148992.0651327735
30401,11238481.716498844
31092,13565013.97985085
30403,11326206.191759622
30404,12143267.955607494
30406,15843009.91728008
30758,11227613.631849976
30407,26686933.54867082
30409,21015551.30311075
30415,6409637.645647883
30421,10625621.999594208
30423,16254124.546645386
30427,6474218.018866185
30436,6955444.978374967
30441,8682619.107493987
30442,13560999.57225894
30450,6853555.037622654
30453,6822970.272774306
33043,7351301.644449976
30457,9434211.450210547
30461,12056405.155052127
30474,7307654.377107427
30475,5577932.185665108
30478,8369666.055043489
30481,13112787.892217962
30485,37356172.10263959
30488,21739516.64974664
30489,6086399.58000494
30492,16612368.648202362
30512,9947924.467547566
31751,14714025.7584503
30499,13885870.775123369
30500,9246403.60513931
30502,10939567.367437642
30504,10045762.7178959
30505,12075198.185061373
32293,12299334.426071927
30506,12414804.569976248
30507,13473556.11418508
30510,26544844.1465838
30905,27312196.423605386
31739,12492039.10762756
32712,23679595.774831653
30511,12301710.36021973
30514,14421152.437184608
30518,7099243.645075116
30519,7708149.965512745
30521,10588628.528594526
30522,37135641.69206047
30524,10014156.114855504
30526,11194233.883376213
30551,9286999.91687801
30557,6934566.903676727
32783,7070517.6396641275
30562,12148187.942782637
31886,7672436.969701046
32826,9713353.928834861
30581,10784286.457558064
30597,19856788.066714462
30991,8686066.161626473
30612,15836573.441522285
30623,80696970.75838153
33195,85868392.63848746
30625,8542277.073305678
30629,9828055.063621257
30911,11230424.104490671
30632,11713647.485074425
30636,14940185.150679393
30661,8429506.864091842
30663,5698766.055785246
30665,39587468.08196503
31041,34637639.25592209
30677,13621949.25148451
30683,20713381.966839496
30684,23462377.186504938
30688,10964994.881508842
30696,16318872.10973989
31408,15923000.938183455
30701,6102955.428951176
30704,8807998.645178754
32463,9170957.800695784
30708,14734287.499275299
32959,10180980.045380013
30715,5707422.720263689
31404,5817751.908554095
30719,11076502.746241828
32068,12717161.749999283
32931,9622376.849725535
30749,6916123.421795941
30760,13136181.831724303
30764,31533044.96078034
30765,22590201.50089872
30766,12275005.374169301
30776,11071534.286601104
30778,6426834.7442038655
30795,5942376.483884253
30796,6374217.242334567
30797,7542506.578112313
30807,9545001.016214479
30808,13505800.466986801
30813,5424303.972225509
30816,7078440.6283355495
30838,14070524.084803628
30839,14150696.3712108
30840,12378591.421049394
30841,13927677.641043428
30842,12378591.421049394
31146,9207388.695976019
31147,13825820.996099576
31148,14168413.580220373
32224,11248360.569383267
32226,14150696.3712108
30844,7506497.969950751
30845,16419097.256706307
30847,8594202.964268763
30848,9646128.426802631
30849,10678262.039515095
30850,12608459.799266959
30852,11584828.655882899
30857,8445543.300226623
30864,12731726.646242285
31154,15719769.872983782
30867,9137454.071562434
30873,11546865.75326573
31689,6566844.4270603545
30883,7687103.505897462
30890,11138948.914697515
32725,6583852.160131738
30898,9025204.239099158
30901,11315498.843623376
30903,21623512.514266297
32858,19221746.295489565
30908,7308472.55875364
30915,8678993.96465445
33093,9949044.763198568
30918,11662462.683960313
30919,12098068.462929288
33115,8098773.572931958
30920,16458087.95044302
30923,47675315.41084844
30926,56116751.0265279
30930,93769247.78908305
30944,4225814.293388435
31867,7482627.557419608
30947,13169315.055382313
30951,14469871.916326938
30964,6811080.63485002
31865,4515732.778494781
30976,9941520.532364586
30977,6185036.561651528
30981,6762936.22090656
32382,6103211.183278229
31018,12275664.973467352
31023,6604684.268988006
31999,8731322.577006232
31027,8603984.516262328
32396,14457117.117020702
31029,18315119.198660783
31039,8943343.932186905
31048,13392418.633705365
31049,18620856.937158827
31067,6733238.719991557
32471,11520556.535628468
31070,6842814.154120233
31413,6459719.98660305
31079,7029019.590473909
32975,7087420.030804445
31083,9324327.2670031
31088,8055053.25743521
31090,9361948.948124198
31091,11017948.411240889
31518,11720243.246203119
31100,6927703.747450611
31102,7418183.233031713
31103,8812034.329803936
31105,10121723.720223846
31108,14261500.17681305
31112,6100293.720215125
31113,6812470.559335408
31114,6961818.742334891
31120,18372944.293330647
31121,6491444.131244081
31124,14566460.26392739
31125,10062325.168327749
31600,10493126.651617933
31140,7695235.585532074
31152,11972484.126694879
31157,8329633.502575199
31161,9399408.74815931
31162,10309994.250584073
31163,8532250.477043819
31176,10092199.693756271
31180,16872787.121082686
31784,13954800.955238717
32297,14584761.526120655
31182,9515795.38298038
31183,8385760.582930964
31189,8068201.830736721
31190,9409592.823925536
31193,14655964.636894275
31204,13417950.06030569
31215,39709331.584547035
31223,6154597.636463423
31224,8054746.9646278955
31844,5976721.139414585
31225,7820094.744130776
31244,4110803.368223769
31251,7422905.199989186
31259,12034031.769868128
31260,12017706.515001496
31261,19639590.67672435
31795,28349404.085931957
31828,30692080.46430706
31937,21045355.770228278
31938,28056254.924775105
31276,28407556.508149367
31277,28987331.16724149
31286,43689632.141364984
31954,19262380.225080483
31957,34269030.62403255
31312,25393518.685747493
31320,9422468.969663814
31325,7812203.067442986
32401,19237553.55530713
32886,8865054.298484487
32904,18486743.736184184
31327,5389956.97395705
31333,6596436.213890454
31337,8524559.154828442
31341,11423056.176149318
31342,14470445.177187923
31362,16138204.683022488
31366,12639785.694261692
31367,26833882.67145381
31369,59339245.14807392
31375,25477574.289440606
31394,21279441.569316376
31397,9387446.290312972
31405,10881022.674018852
32066,10630432.77128574
31407,9159704.377250725
31409,18169705.152844284
31411,31713647.843243357
31414,8278118.164352344
32935,12684247.3210819
31421,43570426.49564806
31427,26038587.969574712
32073,29173407.501992885
31428,12320745.106538648
31432,6811033.3451249795
31439,4260788.518473863
31443,7440567.3825436
31447,7153061.054632445
31451,8867218.990909416
31462,10867616.931497158
31463,12270741.064233758
32483,5974694.338828946
32486,7125712.958654467
32491,8895983.609977279
32492,8780339.311098378
32497,10693395.514200477
32944,6873909.44628825
31440,6513653.261569856
31441,7927235.854025703
32083,7441343.758531151
31444,8093307.169203286
31445,7055321.310091943
31446,7909805.600739249
31449,7759613.242080083
31456,7637676.387600432
31454,6540351.277526936
31457,10354985.701145452
31460,12248760.970016675
31473,9799199.781590972
31481,9356426.025361959
31486,10039860.664173102
31500,9773040.301728342
31503,6793850.002090247
31507,7254360.671867884
31509,8903469.431418415
31511,9694194.051540777
31513,15390138.524351025
32131,12352317.689722672
31533,15666046.538779428
32606,21736278.516363423
32636,14895013.305494634
32640,25689596.17839376
32644,27122645.29698455
32646,27587822.03322589
33034,9372686.37383043
33058,19869699.98330024
31534,13116181.227074021
31537,8814536.71519947
32574,8347298.929101064
31543,8065296.182471955
31547,9710937.006738126
31549,10509631.945744202
31553,12756655.047627307
31562,6401856.722653901
31564,9381146.74868071
31565,9114569.538477272
31566,11718627.58760914
31567,4407210.650488479
31571,5785613.907541899
31572,5768971.4345685085
32165,5823637.57380258
32578,5768971.4345685085
31574,7132467.6534014605
31578,7221720.60165273
32581,7649098.130177706
31580,6178452.509446397
31581,6812096.39689479
31584,8109598.128323849
31592,6474016.558064379
31593,6951124.800152025
31596,7806796.778625414
31598,5654539.556379532
32854,5654539.556379532
31607,10206495.8191876
31608,13638166.53133514
31613,12423097.329632642
31627,6928948.059501171
31628,5775095.979699902
31630,7389687.33595823
31642,9366037.739569256
31646,8932618.12366995
31649,8955165.335557591
31652,9055208.750134602
31656,11790079.507863328
31664,6345527.25628397
31665,6916446.851670064
31670,10926177.526704255
31677,8120717.615073715
31682,5397266.801897558
31686,7639129.132957678
31691,9195797.200095829
31692,7609341.874297305
31696,10708816.2196479
31721,8673799.629612032
31700,13698334.673782555
31717,24791783.193380658
31720,6438232.993801523
31724,10277598.80375639
31725,15956107.801079178
31729,8173949.894806855
32240,7478118.611488355
31733,9452360.403128099
31736,9516169.0023964
32715,11627356.886357855
31738,10763396.867457049
31740,14978565.434183516
32278,15518834.937686244
31748,10818865.891897846
31750,9391834.595033137
31757,34339487.93532626
31760,7350619.885136316
31763,7459286.332211102
31764,7427403.68713131
31768,8890391.04328051
31772,11403094.655868895
31791,6170864.406521933
31774,13397594.493860329
31775,14145256.190721352
32298,15131761.867924161
31778,13753972.463692281
31783,25086842.019106966
31803,33580880.728260495
32325,17974295.870859545
31804,13469744.738992326
31807,8548348.139799776
31815,23521405.232219916
31842,5981501.0956672765
31857,7079333.0296326885
31866,6998333.803613804
31903,6511434.767129181
31868,8384145.132030787
31871,12602525.167691026
31874,7100470.210064155
31892,5773403.908927097
31909,7826384.798168698
31910,8472054.573675111
31912,7477701.974026486
31915,8696834.825519757
32818,7685397.076725831
32821,8157941.547135623
32823,7403810.0668053385
33179,8232175.062849511
31896,8151954.960667432
31904,7883555.825090776
31920,10892340.931402208
31924,10179077.416013114
31928,5304888.222717275
31930,13876074.279948037
31933,21130587.184992567
31935,18639197.508874666
32439,17646430.784450658
31942,5475043.970954426
31953,13587141.422748148
31956,31697384.166688498
32272,26878500.343759913
31996,6657509.884076382
32002,11078184.941742884
32005,11415910.49694784
32008,11210172.810172558
32012,11917869.168217601
32030,27420634.85504531
32034,43459333.418328695
32875,31825038.37508128
32040,19289516.86857762
32041,11476453.053410543
32046,21124793.121233363
32052,11417592.838239186
32054,15239665.018085362
32056,17833739.881951757
32067,9991881.996692542
32079,8984765.151423208
32081,13810945.977183389
32088,7708047.421904528
32092,8225654.453992988
32093,10473816.98329125
32095,12543152.427687723
32098,10094623.69071039
32099,11928025.481319563
32102,13849045.301294884
32120,10352463.993575113
32109,7233945.021551652
32111,11252552.563781781
32967,7631316.656593501
32115,16364723.600783894
32116,15705672.161419969
32119,7744954.609645491
32122,5684927.089665334
32123,6181172.001132609
32136,15298093.359562848
32140,8198575.795924479
32141,15674408.932248477
32147,7660182.753361778
32148,7394200.6703320695
32155,10961981.852750579
32161,13840893.315642469
32162,4937692.189791694
32164,6269980.366453072
32166,9251206.177382844
32167,6439123.3620401
32168,6118356.004914359
32174,5779604.111162132
32178,7682691.543268708
32180,6378136.287055226
32181,7251255.163911125
32182,8897565.462335903
32183,8317699.108827852
32186,6748761.076885498
32193,9802460.556891793
32194,9554665.927026242
32195,11125599.744513487
32196,10176947.31626689
32199,6539711.039669653
32207,6785153.966436577
32213,7501988.240019694
32216,8287093.077603578
32219,10873353.36766433
32231,7453629.245873696
32233,9478849.463595742
32236,22024893.025615472
32237,6983157.68245268
32243,6487228.6602434935
32244,8949052.521187376
33086,8543831.600491168
32248,9290525.126036113
32249,9783923.83880918
32250,12961607.081208466
32255,19913697.239410643
33062,14429056.98123379
32256,8016618.581798069
32671,9845655.87127633
32258,7150580.4315838115
32259,10847283.627499169
32264,13530757.18865038
32281,10515725.602119844
32282,9943278.746240424
32283,22418152.32449376
32285,5748952.395601506
32286,6888938.264137704
32289,8936211.193193747
32294,10860036.850097325
32296,11642170.084565578
32303,19049162.848671846
32308,8637910.372090112
32309,9728392.986338027
32315,7547215.314170738
32687,17764727.312968306
32320,7890354.168530921
32328,12858466.167708896
32329,8836670.714798814
32333,45222966.2525536
32760,94271127.74886192
32341,7372460.321235979
32343,5857934.959979431
32352,5088338.937279335
32374,5587145.527641139
32386,28735730.66712744
32391,11551722.130183527
32740,4284787.5494150985
32872,8384701.801969275
32404,5857354.164607799
32406,8142567.434623757
32417,13801736.98675484
32436,14218563.507869033
32437,8119868.381249584
32438,19117411.31838889
32448,29193936.215687856
32449,30755342.189371273
32452,83276732.0974187
32457,12410301.73688714
32458,8245990.7194748055
32460,14107775.94719185
32462,10071088.22148136
32478,8321964.15261347
32482,8067945.237788911
32490,8205382.470395411
32495,8660649.474063424
32496,12354361.54764868
32498,10539281.261917368
32503,13434510.221799605
32508,10929322.468359642
32510,19644676.85074837
32522,9911866.094599856
32524,12739840.525344644
32529,6779111.720707464
32530,6498126.942251642
32533,8604001.64720843
32539,13994398.261461094
32550,9171366.23778396
32551,14363728.062320257
32558,7497359.438532401
32553,16158094.822792407
32556,12773476.09959901
32559,6364664.5837183725
32562,8693134.534050817
33001,8520852.769467572
32563,7690639.486646727
32565,8651826.916753322
32566,15450438.461889228
32570,8547484.0651493
32583,7686835.390610065
32588,9403462.454916248
32589,6644997.844380764
32590,8194975.4826823305
32591,6827973.702927199
32592,10215964.878880568
32598,8056723.859270638
32599,9627732.999878822
32613,5356683.357023137
32614,7315624.445661985
32615,6324193.385717774
32617,8432636.0896464
32622,8752423.555769386
32629,11306423.036138851
32634,12334636.102705179
32650,11716135.203363169
32652,12910178.646808024
32655,11962979.921439737
33065,7848990.255574067
33067,19750111.597768817
32660,14158797.285188451
32682,9440143.648687635
32683,7504039.961374672
32685,10385980.668227006
32692,11004738.993342165
32694,12074435.706602521
32700,6408797.668587293
32701,7614974.372127386
32702,8885902.748782216
32705,10752249.00039228
32709,14836668.953243881
32718,13276137.4841342
32727,6033406.569536971
32728,7655569.517743758
32867,11087620.80112015
32879,12246207.51969697
33125,5212884.600908725
33191,11251229.8806177
32729,15928418.563360367
32732,9299034.645711936
32733,12004806.920906443
32741,8638399.875758484
32742,9714998.109835425
33130,9575883.119070524
32743,12155421.973461872
32744,14365703.680776358
32752,28231108.518225186
32768,10690321.064431222
32787,5396062.492918749
32788,7809498.097743262
32794,5466102.760790926
32795,5728712.280415882
32796,5406313.711746485
32797,4856563.229170674
32798,5239648.538125631
32805,6949203.544419229
32806,7061997.054241325
32807,7429024.151308514
32811,7797629.05132124
32812,6562729.309050445
32815,8804864.92240742
32819,10577837.83590327
33151,6810093.146498252
33154,6145775.146150061
33156,6098244.234635817
33164,5455798.550611931
33165,5131606.499582825
33170,6895492.11997174
33171,7021928.253184831
33178,9005232.11592795
32804,6315622.3651672425
32810,6629467.51786538
32816,5702375.043384001
32829,29559350.197365724
32830,8022043.080661876
32832,7915788.950279218
32841,49455555.08517934
32844,4016283.672506009
32860,17060469.35234317
32877,42450229.704974264
32892,7891672.177682639
32905,25256826.593617193
32907,14240806.729659507
32908,12626944.126017699
32923,14546207.096506696
32924,15960026.543961342
32941,9576351.533046965
32957,10213695.294664484
32942,14616664.362710513
32945,6103610.922703436
32946,6697179.663404665
32952,7990156.448206418
32953,8497766.373297412
32955,12622798.075383367
32961,11064542.724767433
32963,10166580.989805931
32978,6780899.512086002
32980,7601283.486326649
32981,7863579.129519777
32983,10929598.28946101
32985,9149971.40808948
32988,12256294.592235666
32990,18564505.114190172
32997,6603368.657070403
33006,14437342.739123438
33013,7712918.549813651
33016,8447179.41162237
33021,8094242.733989584
33023,7607709.697715036
33024,6492005.6325045815
33027,4766951.442885635
33030,9621066.839467544
33031,9655657.226587303
33032,13159331.185323145
33041,7310564.319704448
33042,9771586.619406525
33045,8045334.94181733
33048,8766650.365835622
33050,9733274.82900519
33052,9355137.941487486
33057,13337531.036200056
33066,13909034.483559053
33068,7740000.484492207
33069,10128938.733358309
33072,5963890.4534949865
33077,11995823.638504144
33084,11526860.670957515
33089,8849527.006534347
33095,20707264.547699716
33097,9326095.026392242
33102,10345632.413328221
33103,10414284.318372522
33106,10744523.095474947
33107,12870475.852125268
33116,10571880.5504541
33120,16761375.59027701
33127,9004841.793659719
33129,13660484.383251354
33132,15788557.067008449
33143,20052179.814047646
33150,7012522.868350637
33153,12686131.778627135
33163,7237228.137984892
33208,12007143.150858058
33221,5650510.092787793
